[[[-0.0638784511168, -0.0638784511168],
 [-0.063878451117, -0.063878451117],
 [-2.48419308254, -2.48419308254],
 [0.0265980241699, 0.0265980241699],
 [0.0265980241699, 0.0265980241699],
 [-0.100543028482, -0.100543028482],
 [0.0301997597047, 0.0301997597047],
 [0.101673475171, 0.101673475171],
 [0.0301997597047, 0.0301997597047],
 [0.113837409037, 0.113837409037],
 [0.101673475171, 0.101673475171],
 [0.113837409037, 0.113837409037]],
 [[2.48419308254, 0.0],
 [0.0638784511168, 0.0],
 [0.0638784511168, 0.0],
 [0.100543028482, 0.0],
 [-0.0265980241699, 0.0],
 [-0.0265980241699, 0.0],
 [-0.113837409037, 0.0],
 [-0.113837409037, 0.0],
 [-0.101673475172, 0.0],
 [-0.101673475172, 0.0],
 [-0.0301997597047, 0.0],
 [-0.0301997597047, 0.0]],
 [[0.0, 0.0638784511168],
 [0.0, 2.48419308254],
 [0.0, 0.0638784511168],
 [0.0, -0.0265980241699],
 [0.0, 0.100543028482],
 [0.0, -0.0265980241699],
 [0.0, -0.101673475172],
 [0.0, -0.0301997597047],
 [0.0, -0.113837409037],
 [0.0, -0.0301997597047],
 [0.0, -0.113837409037],
 [0.0, -0.101673475172]],
 [[0.410462391849, 0.229399792457],
 [0.197625019784, 0.0165624203906],
 [2.49926970047, -7.55641088127],
 [-0.14697529818, -0.0765481694234],
 [-0.108483441371, -0.0380563126136],
 [0.452448127374, 0.455034001029],
 [-0.114643589118, -0.294826689742],
 [-0.736615933766, -0.709691763953],
 [0.0364284634971, -0.143754637127],
 [-0.993247308987, -0.848106519616],
 [-0.0861801887954, -0.0592560189815],
 [-0.29037135903, -0.145230569659]],
 [[-1.08979239113, 0.0958705224512],
 [0.0293508498067, -0.00101383466472],
 [0.703976678599, 5.6174497974],
 [0.336574745975, -0.0161626575876],
 [0.138028637651, -0.00198315617551],
 [-0.560683741473, -0.57366891903],
 [0.110037504401, 0.922329465502],
 [2.38994548714, 2.18094988856],
 [-0.195828804574, 0.137533601954],
 [-2.22190382552, -7.68363816577],
 [-0.0554043850717, -0.04399879928],
 [0.313251321889, 1.03953546162]],
 [[1.46226174693, -1.90762632189],
 [-2.84217094304e-14, -0.0100866128763],
 [-1.46226174693, -3.36988806881],
 [-0.424976114546, 0.266926419611],
 [2.84217094304e-14, -0.0163759200665],
 [0.424976114545, 0.691902534157],
 [0.111123696907, -1.27882944998],
 [-4.85631675401, -4.01367207052],
 [0.0892894826767, 0.0144549646089],
 [4.85631675401, 0.842644683493],
 [-0.0892894826766, -0.0748345180677],
 [-0.111123696907, -1.38995314689]],
 [[-0.703976678599, 4.9134731188],
 [-0.0293508498067, -0.0303646844714],
 [1.08979239113, 1.18566291358],
 [0.560683741473, -0.0129851775573],
 [-0.138028637651, -0.140011793827],
 [-0.336574745975, -0.352737403563],
 [-0.313251321889, 0.726284139735],
 [2.22190382552, -5.46173434025],
 [0.0554043850716, 0.0114055857916],
 [-2.38994548713, -0.208995598577],
 [0.195828804574, 0.333362406528],
 [-0.110037504401, 0.812291961101]],
 [[-2.49926970047, -10.0556805817],
 [-0.197625019784, -0.181062599394],
 [-0.41046239185, -0.181062599394],
 [-0.452448127374, 0.00258587365527],
 [0.108483441371, 0.0704271287572],
 [0.146975298181, 0.0704271287572],
 [0.29037135903, 0.145140789371],
 [0.993247308988, 0.145140789371],
 [0.0861801887955, 0.0269241698139],
 [0.736615933767, 0.0269241698139],
 [-0.036428463497, -0.180183100624],
 [0.114643589118, -0.180183100624]],
 [[7.55641088127, 10.0556805817],
 [-0.229399792456, 0.181062599394],
 [-0.0165624203907, 0.181062599394],
 [-0.455034001029, -0.00258587365527],
 [0.0765481694233, -0.0704271287572],
 [0.0380563126137, -0.0704271287572],
 [0.848106519616, -0.145140789371],
 [0.145230569659, -0.145140789371],
 [0.709691763953, -0.0269241698139],
 [0.0592560189815, -0.0269241698139],
 [0.294826689742, 0.180183100624],
 [0.143754637127, 0.180183100624]],
 [[-5.6174497974, -4.9134731188],
 [-0.0958705224527, -1.18566291358],
 [0.00101383466472, 0.0303646844714],
 [0.57366891903, 0.0129851775574],
 [0.0161626575877, 0.352737403563],
 [0.00198315617543, 0.140011793827],
 [7.68363816577, 5.46173434025],
 [-1.03953546162, -0.726284139735],
 [-2.18094988856, 0.208995598577],
 [0.04399879928, -0.0114055857916],
 [-0.922329465501, -0.812291961101],
 [-0.137533601954, -0.333362406528]],
 [[3.36988806881, 1.90762632189],
 [1.90762632189, 3.36988806881],
 [0.0100866128763, 0.0100866128763],
 [-0.691902534157, -0.266926419611],
 [-0.266926419611, -0.691902534157],
 [0.0163759200665, 0.0163759200665],
 [-0.842644683493, 4.01367207052],
 [1.38995314689, 1.27882944998],
 [4.01367207052, -0.842644683493],
 [0.0748345180677, -0.0144549646089],
 [1.27882944998, 1.38995314689],
 [-0.0144549646089, 0.0748345180677]],
 [[-1.18566291358, -0.0958705224527],
 [-4.9134731188, -5.6174497974],
 [0.0303646844714, 0.00101383466472],
 [0.352737403563, 0.0161626575877],
 [0.0129851775574, 0.57366891903],
 [0.140011793827, 0.00198315617543],
 [0.208995598577, -2.18094988856],
 [-0.812291961101, -0.922329465501],
 [5.46173434025, 7.68363816577],
 [-0.333362406528, -0.137533601954],
 [-0.726284139735, -1.03953546162],
 [-0.0114055857916, 0.04399879928]],
 [[0.181062599394, -0.229399792456],
 [10.0556805817, 7.55641088127],
 [0.181062599394, -0.0165624203907],
 [-0.0704271287572, 0.0765481694233],
 [-0.00258587365527, -0.455034001029],
 [-0.0704271287572, 0.0380563126137],
 [-0.0269241698139, 0.709691763953],
 [0.180183100624, 0.294826689742],
 [-0.145140789371, 0.848106519616],
 [0.180183100624, 0.143754637127],
 [-0.145140789371, 0.145230569659],
 [-0.0269241698139, 0.0592560189815]],
 [[-0.181062599394, -0.197625019784],
 [-10.0556805817, -2.49926970047],
 [-0.181062599394, -0.41046239185],
 [0.0704271287572, 0.108483441371],
 [0.00258587365527, -0.452448127374],
 [0.0704271287572, 0.146975298181],
 [0.0269241698139, 0.0861801887955],
 [-0.180183100624, -0.036428463497],
 [0.145140789371, 0.29037135903],
 [-0.180183100624, 0.114643589118],
 [0.145140789371, 0.993247308988],
 [0.0269241698139, 0.736615933767]],
 [[-0.0303646844714, -0.0293508498067],
 [4.9134731188, -0.7039766786],
 [1.18566291358, 1.08979239113],
 [-0.140011793827, -0.138028637651],
 [-0.0129851775574, 0.560683741473],
 [-0.352737403563, -0.336574745975],
 [0.0114055857916, 0.0554043850716],
 [0.333362406528, 0.195828804574],
 [0.726284139735, -0.313251321889],
 [0.812291961101, -0.110037504401],
 [-5.46173434025, 2.22190382552],
 [-0.208995598577, -2.38994548713]],
 [[-0.0100866128763, -2.84217094304e-14],
 [-1.90762632189, 1.46226174693],
 [-3.36988806881, -1.46226174693],
 [-0.0163759200665, -2.84217094304e-14],
 [0.266926419611, -0.424976114546],
 [0.691902534157, 0.424976114545],
 [0.0144549646089, 0.0892894826769],
 [-0.0748345180677, -0.0892894826766],
 [-1.27882944998, 0.111123696906],
 [-1.38995314689, -0.111123696907],
 [-4.01367207052, -4.85631675401],
 [0.842644683493, 4.85631675401]],
 [[-0.00101383466472, 0.0293508498067],
 [0.0958705224513, -1.08979239113],
 [5.6174497974, 0.703976678599],
 [-0.00198315617551, 0.138028637652],
 [-0.0161626575875, 0.336574745975],
 [-0.57366891903, -0.560683741473],
 [0.137533601954, -0.195828804574],
 [-0.04399879928, -0.0554043850717],
 [0.922329465502, 0.110037504401],
 [1.03953546162, 0.313251321889],
 [2.18094988856, 2.38994548713],
 [-7.68363816577, -2.22190382552]],
 [[0.0165624203906, 0.197625019784],
 [0.229399792456, 0.41046239185],
 [-7.55641088127, 2.49926970047],
 [-0.0380563126136, -0.108483441371],
 [-0.0765481694234, -0.146975298181],
 [0.455034001029, 0.452448127374],
 [-0.143754637127, 0.0364284634974],
 [-0.0592560189815, -0.0861801887954],
 [-0.294826689742, -0.114643589118],
 [-0.145230569659, -0.29037135903],
 [-0.709691763953, -0.736615933767],
 [-0.848106519616, -0.993247308987]],
 [[-0.0775217125183, -1.29354931057],
 [-1.29354931057, -0.0775217125181],
 [8.4690923485, 8.4690923485],
 [0.186246768782, 0.398972378519],
 [0.398972378519, 0.186246768782],
 [-3.44231765865, -3.44231765865],
 [0.762767009138, 0.283837454565],
 [0.513471294099, 0.733872478467],
 [0.283837454565, 0.762767009138],
 [-4.40530430977, 1.78271417022],
 [0.733872478467, 0.513471294099],
 [1.78271417022, -4.40530430977]],
 [[-8.4690923485, 2.62900812231e-13],
 [1.29354931057, 1.21602759805],
 [0.0775217125185, -1.21602759805],
 [3.44231765865, -2.84217094304e-14],
 [-0.398972378518, -0.212725609736],
 [-0.186246768782, 0.212725609736],
 [-1.78271417022, -6.18801847998],
 [4.40530430977, 6.18801847998],
 [-0.733872478467, -0.220401184368],
 [-0.513471294099, 0.220401184368],
 [-0.283837454565, 0.478929554573],
 [-0.762767009138, -0.478929554573]],
 [[1.21602759805, 1.29354931057],
 [2.77111666946e-13, -8.4690923485],
 [-1.21602759805, 0.0775217125185],
 [-0.212725609736, -0.398972378518],
 [-2.48689957516e-14, 3.44231765865],
 [0.212725609736, -0.186246768782],
 [-0.220401184368, -0.733872478467],
 [0.478929554573, -0.283837454565],
 [-6.18801847998, -1.78271417022],
 [-0.478929554573, -0.762767009138],
 [6.18801847998, 4.40530430977],
 [0.220401184368, -0.513471294099]],
 [[0.0168206728346, 3.57467307882],
 [-0.145073747005, 0.0529772030421],
 [-0.956820086521, -6.12524337978],
 [-0.215344198826, 0.0578548794953],
 [-0.826995465071, 0.154482067474],
 [2.92012991496, -3.89721646926],
 [-1.67075798732, -1.96193161461],
 [-2.34503795096, -3.30230888065],
 [0.69829317982, -0.907999076292],
 [2.65971220358, 9.87301695821],
 [0.66312323013, 0.534042019329],
 [-1.9863532659, 2.49210886818]],
 [[0.956820086521, -5.16842329326],
 [0.145073747005, 0.198050950047],
 [-0.016820672835, 3.55785240599],
 [-2.92012991496, -6.81734638422],
 [0.826995465071, 0.981477532544],
 [0.215344198826, 0.273199078321],
 [1.9863532659, 4.47846213409],
 [-2.65971220358, 7.21330475462],
 [-0.663123230131, -0.129081210802],
 [2.34503795096, -0.957270929686],
 [-0.69829317982, -1.60629225611],
 [1.67075798732, -0.291173627291]],
 [[6.12524337978, 5.16842329326],
 [-3.57467307882, -3.55785240599],
 [-0.0529772030421, -0.198050950047],
 [3.89721646926, 6.81734638422],
 [-0.0578548794953, -0.273199078321],
 [-0.154482067474, -0.981477532544],
 [-9.87301695821, -7.21330475462],
 [-2.49210886818, -4.47846213409],
 [3.30230888065, 0.957270929686],
 [-0.534042019329, 0.129081210802],
 [1.96193161461, 0.291173627291],
 [0.907999076292, 1.60629225611]],
 [[-3.55785240599, -3.57467307882],
 [5.16842329326, 6.12524337978],
 [-0.198050950047, -0.0529772030421],
 [-0.273199078321, -0.0578548794953],
 [6.81734638422, 3.89721646926],
 [-0.981477532544, -0.154482067474],
 [0.957270929686, 3.30230888065],
 [0.291173627291, 1.96193161461],
 [-7.21330475462, -9.87301695821],
 [1.60629225611, 0.907999076292],
 [-4.47846213409, -2.49210886818],
 [0.129081210802, -0.534042019329]],
 [[0.198050950047, 0.145073747005],
 [-5.16842329326, 0.956820086521],
 [3.55785240599, -0.016820672835],
 [0.981477532544, 0.826995465071],
 [-6.81734638422, -2.92012991496],
 [0.273199078321, 0.215344198826],
 [-0.129081210802, -0.663123230131],
 [-1.60629225611, -0.69829317982],
 [4.47846213409, 1.9863532659],
 [-0.291173627291, 1.67075798732],
 [7.21330475462, -2.65971220358],
 [-0.957270929686, 2.34503795096]],
 [[0.0529772030421, -0.145073747005],
 [3.57467307882, 0.0168206728345],
 [-6.12524337978, -0.956820086521],
 [0.154482067474, -0.826995465071],
 [0.057854879495, -0.215344198826],
 [-3.89721646926, 2.92012991496],
 [-0.907999076292, 0.69829317982],
 [0.534042019329, 0.66312323013],
 [-1.96193161461, -1.67075798732],
 [2.49210886818, -1.9863532659],
 [-3.30230888065, -2.34503795096],
 [9.87301695821, 2.65971220358]],
 [[-0.559756950757, 0.0],
 [-7.1054273576e-14, -0.559756950757],
 [0.559756950757, 0.559756950757],
 [-4.62338429959, 9.94759830064e-14],
 [3.2684965845e-13, -4.62338429959],
 [4.62338429959, 4.62338429959],
 [2.95984426677, -0.0817568429847],
 [3.04160110976, 0.0817568429844],
 [-0.0817568429848, 2.95984426677],
 [-3.04160110976, -2.95984426677],
 [0.0817568429843, 3.04160110976],
 [-2.95984426677, -3.04160110976]]]
