[[[0.5, 0.5], [0.26, 0.26], [0.26, 0.26], [-0.46, -0.46]],
 [[-0.5, 0.0], [0.46, 0.0], [-0.26, 0.0], [-0.26, 0.0]],
 [[0.0, -0.5], [0.0, -0.26], [0.0, 0.46], [0.0, -0.26]],
 [[-1.5, -1.5], [-0.9, -0.54], [-0.54, -0.18], [-0.18, -2.34]],
 [[1.5, 0.0], [0.18, -2.16], [0.54, 0.36], [0.9, 0.36]],
 [[1.5, 0.0], [2.34, 2.16], [0.54, -0.36], [0.18, -0.36]],
 [[0.0, 1.5], [-0.36, 0.54], [2.16, 2.34], [-0.36, 0.18]],
 [[0.0, 1.5], [0.36, 0.54], [-2.16, 0.18], [0.36, 0.9]],
 [[-1.5, -1.5], [-0.18, -0.54], [-0.54, -0.9], [-2.34, -0.18]],
 [[0.0, 0.0], [-2.16, 0.0], [0.0, -2.16], [2.16, 2.16]]]
