[[[-0.0997942386831, -0.0997942386831],
 [0.190836155417, 0.190836155417],
 [0.190836155417, 0.190836155417],
 [-0.947116091792, -0.947116091792],
 [-0.0929448446981, -0.0929448446981],
 [-0.0929448446981, -0.0929448446981],
 [-0.103241012501, -0.103241012501]],
 [[0.0997942386831, 0.0],
 [0.947116091792, 0.0],
 [-0.190836155417, 0.0],
 [-0.190836155417, 0.0],
 [0.103241012501, 0.0],
 [0.0929448446981, 0.0],
 [0.0929448446981, 0.0]],
 [[0.0, 0.0997942386831],
 [0.0, -0.190836155417],
 [0.0, 0.947116091792],
 [0.0, -0.190836155417],
 [0.0, 0.0929448446981],
 [0.0, 0.103241012501],
 [0.0, 0.0929448446981]],
 [[0.385802469136, 0.2829218107],
 [-1.06158643399, -0.867643995449],
 [-0.304147675522, -0.110205236985],
 [-0.313655992725, -5.18084722741],
 [-0.0392280414644, 0.111400454949],
 [0.726425430161, 0.877053926574],
 [0.254652799611, 0.455192793302]],
 [[-0.514403292181, -0.154320987654],
 [2.42066264393, 1.33578571779],
 [-0.0260330470618, -0.0280342631602],
 [2.81068444988, 2.68381877026],
 [0.203436882502, 0.390346912137],
 [-4.20060091718, -5.91798359977],
 [-0.0801477907708, -0.629697802143]],
 [[0.514403292181, 0.360082304527],
 [-2.81068444988, -0.126865679621],
 [0.0260330470618, -0.00200121609838],
 [-2.42066264393, -1.08487692614],
 [0.0801477907709, -0.549550011372],
 [4.20060091718, -1.71738268259],
 [-0.203436882502, 0.186910029636]],
 [[-0.385802469136, -0.102880658436],
 [0.313655992725, -4.86719123469],
 [0.304147675522, 0.193942438536],
 [1.06158643399, 0.193942438536],
 [-0.254652799611, 0.200539993691],
 [-0.726425430161, 0.150628496414],
 [0.0392280414644, 0.150628496414]],
 [[-0.2829218107, 0.102880658436],
 [5.18084722741, 4.86719123469],
 [0.867643995449, -0.193942438536],
 [0.110205236985, -0.193942438536],
 [-0.455192793302, -0.200539993691],
 [-0.111400454949, -0.150628496414],
 [-0.877053926574, -0.150628496414]],
 [[0.154320987654, -0.360082304527],
 [-2.68381877026, 0.126865679621],
 [-1.33578571779, 1.08487692614],
 [0.0280342631602, 0.00200121609838],
 [0.629697802143, 0.549550011372],
 [-0.390346912137, -0.186910029636],
 [5.91798359977, 1.71738268259]],
 [[-0.360082304527, 0.154320987654],
 [1.08487692614, -1.33578571779],
 [0.126865679621, -2.68381877026],
 [0.00200121609838, 0.0280342631602],
 [-0.186910029636, -0.390346912137],
 [0.549550011372, 0.629697802143],
 [1.71738268259, 5.91798359977]],
 [[0.102880658436, -0.2829218107],
 [-0.193942438536, 0.867643995449],
 [4.86719123469, 5.18084722741],
 [-0.193942438536, 0.110205236985],
 [-0.150628496414, -0.111400454949],
 [-0.200539993691, -0.455192793302],
 [-0.150628496414, -0.877053926574]],
 [[-0.102880658436, -0.385802469136],
 [0.193942438536, 0.304147675522],
 [-4.86719123469, 0.313655992725],
 [0.193942438536, 1.06158643399],
 [0.150628496414, -0.726425430161],
 [0.200539993691, -0.254652799611],
 [0.150628496414, 0.0392280414644]],
 [[0.360082304527, 0.514403292181],
 [-0.00200121609838, 0.0260330470618],
 [-0.126865679621, -2.81068444988],
 [-1.08487692614, -2.42066264393],
 [-1.71738268259, 4.20060091718],
 [-0.549550011372, 0.0801477907709],
 [0.186910029636, -0.203436882502]],
 [[-0.154320987654, -0.514403292181],
 [-0.0280342631602, -0.0260330470618],
 [1.33578571779, 2.42066264393],
 [2.68381877026, 2.81068444988],
 [-5.91798359977, -4.20060091718],
 [0.390346912137, 0.203436882502],
 [-0.629697802143, -0.0801477907708]],
 [[0.2829218107, 0.385802469136],
 [-0.110205236985, -0.304147675522],
 [-0.867643995449, -1.06158643399],
 [-5.18084722741, -0.313655992725],
 [0.877053926574, 0.726425430161],
 [0.111400454949, -0.0392280414644],
 [0.455192793302, 0.254652799611]],
 [[-1.28600823045, -1.28600823045],
 [0.610487979998, 1.69336369004],
 [1.69336369004, 0.610487979998],
 [4.48056623491, 4.48056623491],
 [-0.435020967796, -2.33931368002],
 [-2.33931368002, -0.435020967796],
 [-1.49377060963, -1.49377060963]],
 [[1.28600823045, -3.5527136788e-15],
 [-4.48056623491, -7.1054273576e-15],
 [-1.69336369004, -1.08287571005],
 [-0.610487979998, 1.08287571005],
 [1.49377060963, 0.0],
 [2.33931368002, 1.90429271222],
 [0.435020967796, -1.90429271222]],
 [[-5.3290705182e-15, 1.28600823045],
 [-1.08287571005, -1.69336369004],
 [-7.1054273576e-15, -4.48056623491],
 [1.08287571005, -0.610487979998],
 [1.90429271222, 2.33931368002],
 [0.0, 1.49377060963],
 [-1.90429271222, 0.435020967796]],
 [[-7.1054273576e-15, -3.85802469136],
 [-1.20056373552, -3.81829066118],
 [1.42108547152e-14, 0.0941261077555],
 [1.20056373552, -2.61772692566],
 [-1.4806107751, 1.44659368307],
 [-5.3290705182e-15, 8.2154902558],
 [1.4806107751, 2.92720445817]],
 [[3.85802469136, 3.85802469136],
 [2.61772692566, 3.81829066118],
 [3.81829066118, 2.61772692566],
 [-0.0941261077555, -0.0941261077555],
 [-2.92720445817, -1.44659368307],
 [-1.44659368307, -2.92720445817],
 [-8.2154902558, -8.2154902558]],
 [[-3.85802469136, -7.1054273576e-15],
 [0.0941261077555, 1.42108547152e-14],
 [-3.81829066118, -1.20056373552],
 [-2.61772692566, 1.20056373552],
 [8.2154902558, 3.5527136788e-15],
 [1.44659368307, -1.4806107751],
 [2.92720445817, 1.4806107751]]]
