[[[-0.0223898795915, -0.0223898795915],
 [-0.0720904693653, -0.0720904693653],
 [-0.0720904693655, -0.0720904693652],
 [0.0257745340775, 0.0257745340775],
 [0.165284672724, 0.165284672723],
 [0.165284672723, 0.165284672724],
 [-1.48756293668, -1.48756293668],
 [0.0300797857025, 0.0300797857027],
 [-0.0448401691513, -0.0448401691513],
 [0.0300797857025, 0.0300797857025],
 [-0.0355144997142, -0.0355144997142],
 [-0.0448401691513, -0.0448401691513],
 [-0.0355144997142, -0.0355144997141]],
 [[0.0223898795915, 0.0],
 [-0.0257745340775, 0.0],
 [0.0720904693654, 0.0],
 [0.0720904693654, 0.0],
 [1.48756293668, 0.0],
 [-0.165284672723, 0.0],
 [-0.165284672723, 0.0],
 [0.0355144997141, 0.0],
 [0.0355144997141, 0.0],
 [0.0448401691513, 0.0],
 [0.0448401691513, 0.0],
 [-0.030079785702, 0.0],
 [-0.030079785702, 0.0]],
 [[0.0, 0.0223898795915],
 [0.0, 0.0720904693654],
 [0.0, -0.0257745340775],
 [0.0, 0.0720904693654],
 [0.0, -0.165284672723],
 [0.0, 1.48756293668],
 [0.0, -0.165284672723],
 [0.0, 0.0448401691513],
 [0.0, -0.030079785702],
 [0.0, 0.0355144997141],
 [0.0, -0.030079785702],
 [0.0, 0.0355144997141],
 [0.0, 0.0448401691513]],
 [[0.0888736473097, 0.118747142203],
 [0.409439081806, 0.388354812126],
 [0.232027117356, 0.210942847676],
 [-0.11212410364, -0.151342172405],
 [-1.25556527832, -1.10299435239],
 [-0.235168199448, -0.0825972735194],
 [-0.526462705914, -9.16649419043],
 [-0.200830173665, -0.0365334599489],
 [0.371618754929, 0.39145649896],
 [-0.182199702376, -0.0179029886599],
 [0.414275175985, 0.550444130397],
 [0.0100162992059, 0.0298540432364],
 [-0.0505049912227, 0.0856639631896]],
 [[-0.0941015089168, -0.217329675354],
 [-0.92768981069, -0.81402043496],
 [-0.207047830041, -0.154399627561],
 [0.103008044979, 0.292191369088],
 [4.14427625562, 3.01851460187],
 [-0.0330529069091, -0.0241709393981],
 [6.2195239481, 8.31991139641],
 [0.569360492868, -0.270418171606],
 [-1.39858813354, -1.56671584851],
 [0.312121126847, -0.0454591089428],
 [-4.87833166692, -7.4792456068],
 [0.0159610450092, 0.0227032420648],
 [0.399767756517, 0.644718884483]],
 [[-0.0522786160651, 0.0933546715439],
 [1.00767275727, 0.76938417196],
 [-0.00344351519439, -0.0191229321963],
 [0.400673083604, 0.210412581411],
 [-7.74223947607, -4.11055356737],
 [-0.00713149053456, -0.0124320604196],
 [-8.89374213156, -6.76633887191],
 [-0.883274671008, 0.808204955379],
 [3.29002777013, 3.97466265566],
 [-0.146080017885, 0.0104581163762],
 [6.71778921301, -2.16359978906],
 [0.0327840172291, 0.0387032920555],
 [-0.798412831688, -1.62814320797]],
 [[0.0522786160651, 0.145633287609],
 [-0.400673083601, -0.190260502193],
 [0.00344351519553, -0.015679417001],
 [-1.00767275727, -0.238288585308],
 [8.89374213156, 2.12740325965],
 [0.00713149053453, -0.00530056988509],
 [7.74223947608, 3.63168590871],
 [0.798412831689, -0.829730376282],
 [-6.71778921301, -8.88138900207],
 [-0.0327840172271, 0.00591927482664],
 [-3.29002777012, 0.684634885543],
 [0.146080017883, 0.156538134259],
 [0.883274671011, 1.69147962639]],
 [[0.0941015089163, -0.123228166438],
 [-0.103008044979, 0.189183324109],
 [0.207047830041, 0.0526482024798],
 [0.927689810691, 0.11366937573],
 [-6.2195239481, 2.10038744831],
 [0.0330529069092, 0.00888196751108],
 [-4.14427625562, -1.12576165375],
 [-0.399767756518, 0.244951127965],
 [4.87833166692, -2.60091393988],
 [-0.0159610450095, 0.00674219705552],
 [1.39858813354, -0.168127714975],
 [-0.312121126848, -0.357580235789],
 [-0.569360492863, -0.839778664467]],
 [[-0.0888736473098, 0.0298734948941],
 [0.11212410364, -0.0392180687647],
 [-0.232027117357, -0.0210842696808],
 [-0.409439081807, -0.0210842696808],
 [0.526462705916, -8.64003148452],
 [0.235168199447, 0.152570925927],
 [1.25556527832, 0.152570925927],
 [0.0505049912233, 0.136168954412],
 [-0.414275175984, 0.136168954412],
 [-0.0100162992061, 0.0198377440303],
 [-0.37161875493, 0.0198377440303],
 [0.182199702374, 0.164296713716],
 [0.200830173662, 0.164296713716]],
 [[-0.118747142204, -0.0298734948941],
 [0.151342172405, 0.0392180687647],
 [-0.388354812127, 0.0210842696808],
 [-0.210942847676, 0.0210842696808],
 [9.16649419043, 8.64003148452],
 [1.10299435239, -0.152570925927],
 [0.0825972735192, -0.152570925927],
 [-0.550444130397, -0.136168954412],
 [-0.0856639631896, -0.136168954412],
 [-0.391456498961, -0.0198377440303],
 [-0.0298540432365, -0.0198377440303],
 [0.0365334599463, -0.164296713716],
 [0.0179029886582, -0.164296713716]],
 [[0.217329675354, 0.123228166438],
 [-0.292191369088, -0.189183324109],
 [0.81402043496, -0.11366937573],
 [0.154399627561, -0.0526482024799],
 [-8.31991139641, -2.10038744831],
 [-3.01851460186, 1.12576165375],
 [0.0241709393981, -0.00888196751108],
 [7.4792456068, 2.60091393988],
 [-0.644718884483, -0.244951127965],
 [1.56671584851, 0.168127714975],
 [-0.0227032420648, -0.00674219705555],
 [0.270418171603, 0.839778664467],
 [0.0454591089419, 0.357580235789]],
 [[-0.093354671544, -0.145633287609],
 [-0.210412581411, 0.190260502193],
 [-0.769384171961, 0.238288585308],
 [0.0191229321963, 0.0156794170011],
 [6.76633887191, -2.12740325965],
 [4.11055356737, -3.63168590871],
 [0.0124320604196, 0.00530056988509],
 [2.16359978906, 8.88138900207],
 [1.62814320797, 0.829730376284],
 [-3.97466265566, -0.684634885543],
 [-0.0387032920555, -0.00591927482638],
 [-0.808204955378, -1.69147962639],
 [-0.0104581163765, -0.156538134259]],
 [[-0.145633287609, -0.093354671544],
 [0.238288585308, -0.769384171961],
 [0.190260502193, -0.210412581411],
 [0.0156794170011, 0.0191229321963],
 [-3.63168590871, 4.11055356737],
 [-2.12740325965, 6.76633887191],
 [0.00530056988509, 0.0124320604196],
 [-0.684634885543, -3.97466265566],
 [-1.69147962639, -0.808204955378],
 [8.88138900207, 2.16359978906],
 [-0.156538134259, -0.0104581163765],
 [0.829730376284, 1.62814320797],
 [-0.00591927482638, -0.0387032920555]],
 [[0.123228166438, 0.217329675354],
 [-0.11366937573, 0.81402043496],
 [-0.189183324109, -0.292191369088],
 [-0.0526482024799, 0.154399627561],
 [1.12576165375, -3.01851460186],
 [-2.10038744831, -8.31991139641],
 [-0.00888196751108, 0.0241709393981],
 [0.168127714975, 1.56671584851],
 [0.839778664467, 0.270418171603],
 [2.60091393988, 7.4792456068],
 [0.357580235789, 0.0454591089419],
 [-0.244951127965, -0.644718884483],
 [-0.00674219705555, -0.0227032420648]],
 [[-0.0298734948941, -0.118747142204],
 [0.0210842696808, -0.388354812127],
 [0.0392180687647, 0.151342172405],
 [0.0210842696808, -0.210942847676],
 [-0.152570925927, 1.10299435239],
 [8.64003148452, 9.16649419043],
 [-0.152570925927, 0.0825972735192],
 [-0.0198377440303, -0.391456498961],
 [-0.164296713716, 0.0365334599463],
 [-0.136168954412, -0.550444130397],
 [-0.164296713716, 0.0179029886582],
 [-0.136168954412, -0.0856639631896],
 [-0.0198377440303, -0.0298540432365]],
 [[0.0298734948941, -0.0888736473099],
 [-0.0210842696808, -0.232027117357],
 [-0.0392180687647, 0.11212410364],
 [-0.0210842696808, -0.409439081807],
 [0.152570925927, 0.235168199447],
 [-8.64003148452, 0.526462705916],
 [0.152570925927, 1.25556527832],
 [0.0198377440303, -0.0100162992061],
 [0.164296713716, 0.182199702374],
 [0.136168954412, 0.0505049912234],
 [0.164296713716, 0.200830173662],
 [0.136168954412, -0.414275175984],
 [0.0198377440303, -0.37161875493]],
 [[-0.123228166438, 0.0941015089161],
 [0.0526482024798, 0.20704783004],
 [0.189183324109, -0.103008044979],
 [0.11366937573, 0.927689810691],
 [0.00888196751108, 0.0330529069092],
 [2.10038744831, -6.2195239481],
 [-1.12576165375, -4.14427625562],
 [0.00674219705553, -0.0159610450096],
 [-0.357580235789, -0.312121126848],
 [0.244951127965, -0.399767756517],
 [-0.839778664467, -0.569360492863],
 [-2.60091393988, 4.87833166692],
 [-0.168127714975, 1.39858813354]],
 [[0.145633287609, 0.0522786160651],
 [-0.015679417001, 0.00344351519539],
 [-0.190260502193, -0.400673083601],
 [-0.238288585308, -1.00767275727],
 [-0.00530056988509, 0.00713149053453],
 [2.12740325965, 8.89374213155],
 [3.63168590871, 7.74223947608],
 [0.00591927482655, -0.0327840172274],
 [0.156538134259, 0.146080017883],
 [-0.829730376282, 0.798412831685],
 [1.69147962639, 0.883274671011],
 [-8.88138900207, -6.71778921301],
 [0.684634885543, -3.29002777012]],
 [[0.0933546715439, -0.0522786160652],
 [-0.0191229321965, -0.00344351519504],
 [0.76938417196, 1.00767275727],
 [0.210412581411, 0.400673083604],
 [-0.0124320604195, -0.00713149053442],
 [-4.11055356737, -7.74223947607],
 [-6.76633887191, -8.89374213156],
 [0.0104581163763, -0.146080017882],
 [0.0387032920555, 0.0327840172291],
 [0.808204955377, -0.883274671006],
 [-1.62814320797, -0.798412831688],
 [3.97466265566, 3.29002777012],
 [-2.16359978906, 6.71778921301]],
 [[-0.217329675354, -0.0941015089167],
 [-0.154399627561, -0.207047830041],
 [-0.814020434961, -0.92768981069],
 [0.292191369088, 0.103008044979],
 [-0.0241709393981, -0.0330529069089],
 [3.01851460186, 4.1442762556],
 [8.31991139641, 6.2195239481],
 [-0.0454591089414, 0.312121126847],
 [0.0227032420648, 0.0159610450093],
 [-0.270418171605, 0.569360492862],
 [0.644718884483, 0.399767756517],
 [-1.56671584851, -1.39858813354],
 [-7.4792456068, -4.87833166692]],
 [[0.118747142203, 0.0888736473097],
 [0.210942847675, 0.232027117355],
 [0.388354812126, 0.409439081806],
 [-0.151342172405, -0.11212410364],
 [-0.0825972735194, -0.235168199447],
 [-1.10299435239, -1.25556527832],
 [-9.16649419043, -0.526462705914],
 [-0.0179029886594, -0.182199702376],
 [0.0298540432365, 0.0100162992059],
 [-0.0365334599488, -0.200830173666],
 [0.0856639631896, -0.0505049912227],
 [0.39145649896, 0.371618754931],
 [0.550444130397, 0.414275175985]],
 [[-0.603818015546, -0.603818015547],
 [-1.33233337059, -1.39335454384],
 [-1.39335454384, -1.33233337059],
 [1.03423361642, 1.03423361642],
 [0.632774686036, 1.7674183073],
 [1.7674183073, 0.632774686036],
 [7.77625197838, 7.77625197838],
 [0.12193803998, 0.604136468651],
 [-0.293415304777, -0.118545392749],
 [0.604136468648, 0.121938039981],
 [-3.75958170121, -0.913716633362],
 [-0.118545392749, -0.293415304778],
 [-0.913716633362, -3.75958170121]],
 [[0.603818015546, -1.7763568394e-14],
 [-1.03423361642, 1.35003119794e-13],
 [1.39335454384, 0.0610211732506],
 [1.33233337059, -0.0610211732506],
 [-7.77625197838, 3.19744231092e-13],
 [-1.7674183073, -1.13464362127],
 [-0.632774686034, 1.13464362127],
 [0.913716633362, -2.84586506785],
 [3.75958170121, 2.84586506785],
 [0.118545392747, -0.17486991203],
 [0.293415304778, 0.17486991203],
 [-0.604136468653, -0.482198428677],
 [-0.121938039975, 0.482198428677]],
 [[-1.7763568394e-14, 0.603818015546],
 [0.0610211732506, 1.39335454384],
 [1.4921397451e-13, -1.03423361642],
 [-0.0610211732506, 1.33233337059],
 [-1.13464362127, -1.7674183073],
 [1.32160948851e-12, -7.77625197838],
 [1.13464362127, -0.632774686034],
 [-0.17486991203, 0.118545392747],
 [-0.482198428677, -0.604136468653],
 [-2.84586506785, 0.913716633362],
 [0.482198428677, -0.121938039975],
 [2.84586506785, 3.75958170121],
 [0.17486991203, 0.293415304778]],
 [[1.09785093736, 1.64677640604],
 [3.57966720534, 3.46518656081],
 [1.48951883757, 1.15242902474],
 [-3.80486837606, -5.64689674974],
 [-2.09930632233, -5.77733160569],
 [0.223343844146, 0.182305039378],
 [3.70064463071, -8.15426904458],
 [-0.362498428589, -0.0905444552017],
 [1.48766807395, 0.738858198039],
 [-1.44589691878, 0.360998546742],
 [-2.19146929401, 9.73543553728],
 [-0.229512613306, -0.299606878502],
 [0.729492347667, 4.60473855317]],
 [[-2.84217094304e-14, -1.82975156226],
 [-5.38025361448, -4.45933047842],
 [5.11590769747e-13, 0.192469270325],
 [5.38025361448, 0.920923136056],
 [3.85953132847, 10.6881455995],
 [0.0, 0.0792644581247],
 [-3.85953132847, 6.82861427105],
 [0.624683221975, -2.17303687059],
 [-7.08949384444, -4.55479132333],
 [0.921692402974, -0.094742661877],
 [7.08949384444, 2.53470252111],
 [-0.921692402972, -1.01643506485],
 [-0.624683221973, -2.79772009256]],
 [[-1.09785093736, 0.548925468679],
 [3.80486837606, -1.84202837367],
 [-1.48951883757, -0.337089812833],
 [-3.57966720534, -0.114480644526],
 [-3.7006446307, -11.8549136753],
 [-0.223343844146, -0.0410388047682],
 [2.09930632233, -3.67802528336],
 [-0.729492347665, 3.8752462055],
 [2.19146929401, 11.9269048313],
 [0.229512613305, -0.0700942651967],
 [-1.48766807395, -0.748809875914],
 [1.44589691877, 1.80689546551],
 [0.362498428588, 0.271953973383]],
 [[-1.64677640604, -0.548925468678],
 [5.64689674974, 1.84202837367],
 [-3.46518656082, 0.114480644526],
 [-1.15242902474, 0.337089812833],
 [8.15426904458, 11.8549136753],
 [5.77733160569, 3.67802528336],
 [-0.182305039378, 0.0410388047682],
 [-9.73543553728, -11.9269048313],
 [-4.60473855317, -3.8752462055],
 [-0.738858198037, 0.748809875914],
 [0.299606878502, 0.0700942651967],
 [0.0905444552052, -0.271953973383],
 [-0.360998546743, -1.80689546551]],
 [[1.82975156226, 1.82975156226],
 [-0.920923136055, 4.45933047842],
 [4.45933047842, -0.920923136055],
 [-0.192469270325, -0.192469270325],
 [-6.82861427105, -10.6881455995],
 [-10.6881455995, -6.82861427105],
 [-0.0792644581247, -0.0792644581247],
 [-2.53470252111, 4.55479132333],
 [2.79772009256, 2.17303687059],
 [4.55479132333, -2.53470252111],
 [1.01643506485, 0.0947426618784],
 [2.17303687059, 2.79772009256],
 [0.0947426618784, 1.01643506485]],
 [[-0.548925468679, -1.64677640604],
 [0.114480644526, -3.46518656082],
 [1.84202837367, 5.64689674974],
 [0.337089812833, -1.15242902474],
 [3.67802528336, 5.77733160569],
 [11.8549136753, 8.15426904458],
 [0.0410388047682, -0.182305039378],
 [0.748809875914, -0.738858198038],
 [-0.271953973383, 0.0905444552052],
 [-11.9269048313, -9.73543553728],
 [-1.80689546551, -0.360998546743],
 [-3.8752462055, -4.60473855317],
 [0.0700942651967, 0.299606878502]],
 [[0.548925468679, -1.09785093736],
 [-0.337089812833, -1.48951883757],
 [-1.84202837367, 3.80486837606],
 [-0.114480644526, -3.57966720534],
 [-0.0410388047682, -0.223343844146],
 [-11.8549136753, -3.7006446307],
 [-3.67802528336, 2.09930632233],
 [-0.0700942651969, 0.229512613306],
 [1.80689546551, 1.44589691877],
 [3.8752462055, -0.729492347665],
 [0.271953973383, 0.362498428588],
 [11.9269048313, 2.19146929401],
 [-0.748809875914, -1.48766807395]],
 [[-1.82975156226, 2.41584530158e-12],
 [0.192469270325, -4.54747350886e-13],
 [-4.45933047842, -5.38025361448],
 [0.920923136055, 5.38025361448],
 [0.0792644581247, -2.27373675443e-13],
 [10.6881455995, 3.85953132847],
 [6.82861427105, -3.85953132847],
 [-0.0947426618772, 0.921692402971],
 [-1.01643506485, -0.921692402972],
 [-2.17303687059, 0.624683221973],
 [-2.79772009256, -0.624683221973],
 [-4.55479132334, -7.08949384444],
 [2.53470252111, 7.08949384444]],
 [[1.64677640604, 1.09785093735],
 [1.15242902474, 1.48951883757],
 [3.46518656081, 3.57966720534],
 [-5.64689674974, -3.80486837606],
 [0.182305039378, 0.223343844146],
 [-5.77733160569, -2.09930632233],
 [-8.15426904458, 3.70064463071],
 [0.360998546742, -1.44589691877],
 [-0.299606878502, -0.229512613306],
 [-0.0905444552035, -0.362498428588],
 [4.60473855317, 0.729492347667],
 [0.738858198041, 1.48766807395],
 [9.73543553728, -2.19146929401]],
 [[-8.78280749886, -8.78280749886],
 [-4.21934622695, -5.17733560628],
 [-5.17733560629, -4.21934622695],
 [2.13338855087, 2.13338855087],
 [-0.560507939872, -0.555950941307],
 [-0.555950941302, -0.560507939872],
 [-0.56801619173, -0.56801619173],
 [-1.3276213693, 2.12051015844],
 [3.04279245965, 2.5874051821],
 [2.12051015844, -1.3276213693],
 [-2.48356861444, -3.26827186198],
 [2.5874051821, 3.04279245965],
 [-3.26827186198, -2.48356861444]],
 [[8.78280749886, -1.4921397451e-13],
 [-2.13338855087, 6.39488462184e-13],
 [5.17733560629, 0.957989379337],
 [4.21934622695, -0.957989379337],
 [0.56801619173, 1.05160324892e-12],
 [0.555950941304, -0.00455699856717],
 [0.560507939872, 0.00455699856714],
 [3.26827186198, 0.784703247537],
 [2.48356861444, -0.784703247539],
 [-2.5874051821, 0.455387277546],
 [-3.04279245965, -0.455387277546],
 [-2.12051015844, -3.44813152774],
 [1.3276213693, 3.44813152774]],
 [[-6.39488462184e-14, 8.78280749886],
 [0.957989379337, 5.17733560629],
 [5.25801624462e-13, -2.13338855087],
 [-0.957989379337, 4.21934622695],
 [-0.00455699856717, 0.555950941305],
 [8.81072992343e-13, 0.56801619173],
 [0.00455699856714, 0.560507939872],
 [0.455387277545, -2.5874051821],
 [-3.44813152774, -2.12051015844],
 [0.784703247539, 3.26827186198],
 [3.44813152774, 1.3276213693],
 [-0.784703247539, 2.48356861444],
 [-0.455387277546, -3.04279245965]]]
