[[[0.333333333333, 0.333333333333],
 [0.333333333333, 0.333333333333],
 [-1.66666666667, -1.66666666667]],
 [[1.66666666667, 0.0],
 [-0.333333333333, 0.0],
 [-0.333333333333, 0.0]],
 [[0.0, -0.333333333333],
 [0.0, 1.66666666667],
 [0.0, -0.333333333333]],
 [[-2.0, -2.66666666667],
 [4.4408920985e-16, -0.666666666667],
 [2.0, -0.666666666667]],
 [[0.666666666667, 2.66666666667],
 [2.66666666667, 0.666666666667],
 [0.666666666667, 0.666666666667]],
 [[-0.666666666667, 2.22044604925e-16],
 [-2.66666666667, -2.0],
 [-0.666666666667, 2.0]]]
