[[[0.0266529340311, 0.0266529340311],
 [0.0266529340311, 0.0266529340311],
 [-2.20766894545, -2.20766894545],
 [0.221257312414, 0.221257312414],
 [0.221257312414, 0.221257312414],
 [-0.0784719954115, -0.0784719954115]],
 [[2.20766894545, 0.0],
 [-0.0266529340311, 0.0],
 [-0.0266529340311, 0.0],
 [0.0784719954115, 0.0],
 [-0.221257312414, 0.0],
 [-0.221257312414, 0.0]],
 [[0.0, -0.0266529340311],
 [0.0, 2.20766894545],
 [0.0, -0.0266529340311],
 [0.0, -0.221257312414],
 [0.0, 0.0784719954115],
 [0.0, -0.221257312414]],
 [[-0.193093639495, -0.445908625465],
 [0.202824479978, -0.0499905059918],
 [2.73741128035, -3.5221863037],
 [-0.444537599913, -0.243015277088],
 [-1.20401326085, -1.00249093803],
 [0.296366615459, 0.039875922357]],
 [[0.696183040363, 1.98094734824],
 [0.0, -0.0620681340713],
 [-0.696183040363, 1.28476430788],
 [0.441174907548, 0.630167911733],
 [-1.7763568394e-15, -3.58981385494],
 [-0.441174907548, 0.188993004185]],
 [[-2.73741128035, -6.25959758404],
 [-0.202824479978, -0.25281498597],
 [0.193093639495, -0.25281498597],
 [-0.296366615459, -0.256490693102],
 [1.20401326085, 0.201522322826],
 [0.444537599913, 0.201522322826]],
 [[3.5221863037, 6.25959758404],
 [0.445908625465, 0.25281498597],
 [0.0499905059918, 0.25281498597],
 [-0.039875922357, 0.256490693102],
 [0.243015277088, -0.201522322826],
 [1.00249093803, -0.201522322826]],
 [[-1.28476430788, -1.98094734824],
 [-1.98094734824, -1.28476430788],
 [0.0620681340713, 0.0620681340713],
 [-0.188993004185, -0.630167911733],
 [-0.630167911733, -0.188993004185],
 [3.58981385494, 3.58981385494]],
 [[0.25281498597, 0.445908625465],
 [6.25959758404, 3.5221863037],
 [0.25281498597, 0.0499905059918],
 [-0.201522322826, 0.243015277088],
 [0.256490693102, -0.039875922357],
 [-0.201522322826, 1.00249093803]],
 [[-0.25281498597, -0.202824479978],
 [-6.25959758404, -2.73741128035],
 [-0.25281498597, 0.193093639495],
 [0.201522322826, 1.20401326085],
 [-0.256490693102, -0.296366615459],
 [0.201522322826, 0.444537599913]],
 [[-0.0620681340713, -7.1054273576e-15],
 [1.98094734824, 0.696183040363],
 [1.28476430788, -0.696183040363],
 [-3.58981385494, 0.0],
 [0.630167911733, 0.441174907548],
 [0.188993004185, -0.441174907548]],
 [[-0.0499905059918, 0.202824479978],
 [-0.445908625465, -0.193093639495],
 [-3.5221863037, 2.73741128035],
 [-1.00249093803, -1.20401326085],
 [-0.243015277088, -0.444537599913],
 [0.039875922357, 0.296366615459]],
 [[0.470000509826, -0.876831932121],
 [-0.876831932121, 0.470000509826],
 [3.94219630753, 3.94219630753],
 [1.02700483208, -2.75180202705],
 [-2.75180202705, 1.02700483208],
 [-0.0153620283067, -0.0153620283067]],
 [[-3.94219630753, -6.03961325396e-14],
 [0.876831932121, 1.34683244195],
 [-0.470000509826, -1.34683244195],
 [0.0153620283067, 0.0],
 [2.75180202705, 3.77880685913],
 [-1.02700483208, -3.77880685913]],
 [[1.34683244195, 0.876831932121],
 [-6.39488462184e-14, -3.94219630753],
 [-1.34683244195, -0.470000509826],
 [3.77880685913, 2.75180202705],
 [0.0, 0.0153620283067],
 [-3.77880685913, -1.02700483208]]]
