[[[0.0178571428568, 0.0178571428568],
 [-0.00507875916082, -0.00507875916037],
 [-0.00507875916058, -0.00507875916103],
 [-0.254050789815, -0.254050789815],
 [-0.014019033861, -0.014019033861],
 [-0.0140190338611, -0.0140190338611],
 [0.0736560537758, 0.0736560537758],
 [-0.0424582447966, -0.0424582448003],
 [-0.0424582447988, -0.0424582447988],
 [-0.00315829645277, -0.00315829645277],
 [0.13300186574, 0.133001865726],
 [0.133001865722, 0.133001865736],
 [-2.4466061843, -2.4466061843],
 [-0.0358720647455, -0.0358720647455],
 [0.0482898274326, 0.0482898274254],
 [-0.0358720647481, -0.0358720647445],
 [0.010816971675, 0.010816971675],
 [0.0482898274275, 0.0482898274275],
 [0.010816971675, 0.010816971675]],
 [[-0.0178571428571, 0.0],
 [0.254050789811, 0.0],
 [0.00507875916044, 0.0],
 [0.00507875916044, 0.0],
 [-0.0736560537772, 0.0],
 [0.0140190338612, 0.0],
 [0.0140190338612, 0.0],
 [0.00315829645269, 0.0],
 [0.0424582448021, 0.0],
 [0.0424582448021, 0.0],
 [2.4466061843, 0.0],
 [-0.133001865723, 0.0],
 [-0.133001865723, 0.0],
 [-0.0108169716737, 0.0],
 [-0.0108169716737, 0.0],
 [-0.0482898274311, 0.0],
 [-0.0482898274311, 0.0],
 [0.0358720647495, 0.0],
 [0.0358720647495, 0.0]],
 [[0.0, -0.0178571428571],
 [0.0, 0.00507875916044],
 [0.0, 0.254050789811],
 [0.0, 0.00507875916044],
 [0.0, 0.0140190338612],
 [0.0, -0.0736560537772],
 [0.0, 0.0140190338612],
 [0.0, 0.0424582448021],
 [0.0, 0.00315829645269],
 [0.0, 0.0424582448021],
 [0.0, -0.133001865723],
 [0.0, 2.4466061843],
 [0.0, -0.133001865723],
 [0.0, -0.0482898274311],
 [0.0, 0.0358720647495],
 [0.0, -0.0108169716737],
 [0.0, 0.0358720647495],
 [0.0, -0.0108169716737],
 [0.0, -0.0482898274311]],
 [[-0.0964285714249, -0.0964285714326],
 [-0.00837008768178, 0.00294770396387],
 [0.0586333490834, 0.0699511407227],
 [1.23485432924, 1.36024931362],
 [0.0366379625756, 0.0345579813997],
 [0.122131132737, 0.12005115156],
 [-0.372377928036, -0.389553732253],
 [0.342092112092, 0.323815590107],
 [0.11600572342, 0.0977292014266],
 [0.0285800432021, -0.000379312861156],
 [-1.28044756445, -1.14440055466],
 [-0.192264666695, -0.0562176568072],
 [0.151147574639, -14.7353907258],
 [0.358788910709, 0.358663695626],
 [-0.396615449564, -0.254035897816],
 [0.017951208045, 0.0178259929649],
 [-0.131361819532, 0.0113019311941],
 [-0.218654395007, -0.0760748432762],
 [-0.0745660697666, 0.0680976809593]],
 [[0.192857142858, 0.192857142856],
 [-0.00625358874606, 0.00472122586051],
 [-0.332354106866, -0.468791160279],
 [-2.30751011284, -2.88269717304],
 [-0.00926758399294, -0.00583569696255],
 [-0.467892648092, -0.449257810846],
 [0.721725608012, 0.802137712483],
 [-1.19955218519, -1.05868107116],
 [-0.0809607576709, -0.0480645617308],
 [-0.127857735817, 0.0714562751344],
 [5.52438563321, 4.25496624827],
 [-0.0334300495269, -0.0173563393927],
 [9.72861156602, 19.4398747364],
 [-1.62684409273, -1.62560838836],
 [1.43446649125, 0.378955800221],
 [0.00955754027586, 0.00952380718576],
 [0.674703381355, 1.2586985323],
 [0.276140659964, 0.0199653410509],
 [-6.12709491275, -11.3191870876]],
 [[-0.149999999999, -0.15],
 [-0.00834683704329, 0.016953081452],
 [1.36826458779, 2.23341549253],
 [1.9691600037, 2.96835253242],
 [-0.00842798732424, -0.00552484404756],
 [1.02406370389, 0.94800369567],
 [-0.629988043486, -0.769306036458],
 [2.37911082922, 1.91012171452],
 [-0.00403386268749, -0.00735009157114],
 [0.821223775983, 0.598034890389],
 [-14.0496689573, -8.74420783383],
 [-0.0116314263373, -0.00919757637234],
 [-19.9894692546, -23.7394915267],
 [4.42958899844, 4.42401598168],
 [-2.99238322476, 0.368759752173],
 [0.0092782674069, 0.0092583919872],
 [-1.92829772604, -3.98133949462],
 [-0.0699274343133, -9.7045245866e-06],
 [12.0249738462, 0.0500658171957]],
 [[-4.54747350886e-13, -4.09272615798e-12],
 [0.0426023194962, 0.204995189565],
 [-8.08397222733, -13.5031331493],
 [-0.627900383324, -1.39864007254],
 [-0.0206015776959, -0.0135343047927],
 [-1.35730804595, -1.16117041952],
 [0.191306089327, 0.290344779414],
 [-2.88621373494, -2.01364154945],
 [-0.00069026734127, -0.00387421640761],
 [-2.12580901085, -0.968820432298],
 [23.2806379172, 10.1906374381],
 [-0.0031119960147, -0.00535950013467],
 [26.1642251926, 21.181085536],
 [-8.12257464171, -8.10720102429],
 [3.9564644015, -2.00644831887],
 [0.0123493280778, 0.0123336141014],
 [3.42436123896, 6.34115203354],
 [-0.0225843790304, -1.44182335475e-05],
 [-10.8310427252, -0.0299524647803]],
 [[-3.63797880709e-12, -1.81898940355e-12],
 [0.627900383392, -0.770739689121],
 [8.08397222729, -5.41916092192],
 [-0.0426023195278, 0.16239287008],
 [-0.191306089329, 0.0990386901],
 [1.35730804594, 0.196137626445],
 [0.0206015776429, 0.00706727288605],
 [2.12580901073, 1.15698857851],
 [0.000690267338086, -0.00318394906736],
 [2.88621373521, 0.872572185729],
 [-26.1642251926, -4.98313965668],
 [0.00311199601049, -0.00224750412325],
 [-23.2806379177, -13.0900004795],
 [10.831042725, 10.8010902604],
 [-3.42436123908, 2.91679079457],
 [0.0225843790213, 0.0225699607966],
 [-3.95646440187, -5.96291272079],
 [-0.0123493280754, -1.57139790247e-05],
 [8.12257464157, 0.0153736173361]],
 [[0.150000000001, 2.27373675443e-13],
 [-1.96916000365, 0.999192528788],
 [-1.36826458784, 0.865150904739],
 [0.00834683703491, 0.0252999184978],
 [0.629988043412, -0.139317993055],
 [-1.0240637039, -0.0760600082367],
 [0.00842798732629, 0.00290314327194],
 [-0.821223776084, -0.223188885603],
 [0.00403386268238, -0.00331622888685],
 [-2.37911082926, -0.468989114634],
 [19.9894692545, -3.75002227207],
 [0.011631426334, 0.00243384996165],
 [14.0496689573, 5.30546112386],
 [-12.0249738462, -11.974908029],
 [1.92829772601, -2.05304176854],
 [0.0699274343168, 0.0699177297871],
 [2.99238322461, 3.3611429767],
 [-0.00927826740548, -1.98754189569e-05],
 [-4.42958899863, -0.00557301695198]],
 [[-0.192857142857, 2.13162820728e-13],
 [2.30751011288, -0.575187060138],
 [0.332354106885, -0.136437053392],
 [0.00625358874833, 0.0109748146055],
 [-0.721725608032, 0.0804121044896],
 [0.467892648093, 0.0186348372487],
 [0.00926758399473, 0.00343188703555],
 [0.127857735829, 0.199314010949],
 [0.0809607576915, 0.032896195957],
 [1.19955218529, 0.140871114139],
 [-9.72861156608, 9.71126317038],
 [0.0334300495306, 0.0160737101383],
 [-5.52438563279, -1.26941938442],
 [6.12709491273, -5.19209217489],
 [-0.674703381339, 0.583995150947],
 [-0.27614065996, -0.256175318887],
 [-1.4344664913, -1.05551069106],
 [-0.00955754027369, -3.37330874096e-05],
 [1.62684409285, 0.00123570440561]],
 [[0.0964285714292, 7.1054273576e-15],
 [-1.23485432929, 0.125394984363],
 [-0.0586333490801, 0.0113177916452],
 [0.00837008768231, 0.0113177916452],
 [0.372377928026, -0.0171758042251],
 [-0.122131132741, -0.0020799811766],
 [-0.0366379625761, -0.0020799811766],
 [-0.0285800432001, -0.0289593560623],
 [-0.116005723431, -0.0182765219945],
 [-0.342092112115, -0.0182765219945],
 [-0.151147574711, -14.8865383005],
 [0.192264666686, 0.136047009883],
 [1.28044756451, 0.136047009883],
 [0.0745660697884, 0.142663750727],
 [0.131361819551, 0.142663750727],
 [0.218654394999, 0.14257955172],
 [0.396615449571, 0.14257955172],
 [-0.0179512080455, -0.000125215079072],
 [-0.358788910711, -0.000125215079072]],
 [[0.0964285714285, -7.1054273576e-15],
 [-1.36024931365, -0.125394984363],
 [-0.00294770396405, -0.0113177916452],
 [-0.0699511407271, -0.0113177916452],
 [0.389553732251, 0.0171758042251],
 [-0.0345579814012, 0.0020799811766],
 [-0.120051151566, 0.0020799811766],
 [0.000379312858841, 0.0289593560623],
 [-0.32381559012, 0.0182765219945],
 [-0.0977292014363, 0.0182765219945],
 [14.7353907258, 14.8865383005],
 [1.14440055462, -0.136047009883],
 [0.0562176568026, -0.136047009883],
 [-0.0113019311948, -0.142663750727],
 [-0.0680976809606, -0.142663750727],
 [0.254035897851, -0.14257955172],
 [0.076074843279, -0.14257955172],
 [-0.358663695632, 0.000125215079072],
 [-0.0178259929666, 0.000125215079072]],
 [[-0.192857142857, -4.57411886146e-14],
 [2.88269717301, 0.575187060138],
 [-0.00472122586069, -0.0109748146064],
 [0.468791160275, 0.136437053392],
 [-0.802137712522, -0.0804121044896],
 [0.00583569696355, -0.00343188703548],
 [0.449257810846, -0.0186348372486],
 [-0.0714562751336, -0.199314010952],
 [1.05868107115, -0.140871114139],
 [0.0480645617347, -0.032896195957],
 [-19.4398747364, -9.71126317036],
 [-4.25496624836, 1.26941938442],
 [0.0173563393923, -0.0160737101383],
 [-1.2586985323, -0.583995150947],
 [11.3191870876, 5.19209217489],
 [-0.378955800244, 1.05551069106],
 [-0.0199653410725, 0.256175318887],
 [1.62560838844, -0.00123570440563],
 [-0.00952380718605, 3.37330873699e-05]],
 [[0.15, 4.97379915032e-14],
 [-2.96835253244, -0.999192528788],
 [-0.016953081452, -0.0252999184954],
 [-2.23341549255, -0.865150904737],
 [0.769306036467, 0.139317993055],
 [0.00552484404778, -0.00290314327309],
 [-0.94800369568, 0.0760600082362],
 [-0.59803489039, 0.223188885597],
 [-1.91012171463, 0.468989114634],
 [0.00735009156909, 0.00331622888689],
 [23.7394915267, 3.75002227211],
 [8.74420783347, -5.30546112386],
 [0.00919757637238, -0.00243384996166],
 [3.98133949462, 2.05304176858],
 [-0.0500658171961, 11.974908029],
 [-0.36875975209, -3.3611429767],
 [9.70452959081e-06, -0.0699177297871],
 [-4.42401598168, 0.00557301695178],
 [-0.00925839198709, 1.98754190505e-05]],
 [[1.01918473661e-13, 2.02282635087e-13],
 [1.39864007251, 0.770739689121],
 [-0.204995189565, -0.162392870069],
 [13.5031331492, 5.41916092191],
 [-0.290344779429, -0.0990386901003],
 [0.0135343047923, -0.00706727290415],
 [1.16117041952, -0.196137626446],
 [0.968820432299, -1.15698857855],
 [2.01364154948, -0.87257218573],
 [0.00387421640796, 0.00318394906705],
 [-21.181085536, 4.98313965667],
 [-10.1906374383, 13.0900004795],
 [0.00535950013466, 0.00224750412326],
 [-6.34115203354, -2.91679079457],
 [0.0299524647807, -10.8010902604],
 [2.00644831892, 5.96291272079],
 [1.44182247952e-05, -0.0225699607966],
 [8.10720102423, -0.0153736173364],
 [-0.0123336141014, 1.57139766808e-05]],
 [[2.2359891716e-13, 2.2182256032e-13],
 [-0.162392870069, -0.204995189565],
 [0.770739689121, 1.39864007251],
 [5.41916092192, 13.5031331492],
 [-0.00706727290417, 0.0135343047923],
 [-0.0990386901004, -0.290344779429],
 [-0.196137626446, 1.16117041952],
 [-0.87257218573, 2.01364154948],
 [-1.15698857855, 0.968820432299],
 [0.00318394906705, 0.00387421640796],
 [13.0900004795, -10.1906374383],
 [4.98313965667, -21.181085536],
 [0.00224750412326, 0.00535950013466],
 [5.96291272079, 2.00644831892],
 [-0.0153736173363, 8.10720102423],
 [-2.91679079457, -6.34115203354],
 [1.5713976681e-05, -0.0123336141014],
 [-10.8010902604, 0.0299524647808],
 [-0.0225699607966, 1.44182247948e-05]],
 [[1.06581410364e-13, 0.15],
 [-0.0252999184954, -0.016953081452],
 [-0.999192528788, -2.96835253244],
 [-0.865150904736, -2.23341549255],
 [-0.00290314327307, 0.00552484404777],
 [0.139317993055, 0.769306036467],
 [0.0760600082361, -0.94800369568],
 [0.468989114634, -1.91012171463],
 [0.223188885597, -0.598034890389],
 [0.00331622888689, 0.00735009156908],
 [-5.30546112386, 8.74420783347],
 [3.75002227211, 23.7394915267],
 [-0.00243384996166, 0.00919757637238],
 [-3.3611429767, -0.36875975209],
 [0.00557301695188, -4.42401598168],
 [2.05304176858, 3.98133949462],
 [1.98754190504e-05, -0.00925839198709],
 [11.974908029, -0.0500658171961],
 [-0.0699177297871, 9.70452959126e-06]],
 [[-4.57411886146e-14, -0.192857142857],
 [-0.0109748146064, -0.00472122586069],
 [0.575187060138, 2.88269717301],
 [0.136437053392, 0.468791160274],
 [-0.00343188703548, 0.00583569696354],
 [-0.0804121044896, -0.802137712522],
 [-0.0186348372486, 0.449257810846],
 [-0.140871114139, 1.05868107115],
 [-0.199314010952, -0.0714562751336],
 [-0.032896195957, 0.0480645617347],
 [1.26941938442, -4.25496624836],
 [-9.71126317036, -19.4398747364],
 [-0.0160737101383, 0.0173563393923],
 [1.05551069106, -0.378955800244],
 [-0.00123570440564, 1.62560838844],
 [-0.583995150947, -1.2586985323],
 [3.37330873699e-05, -0.00952380718605],
 [5.19209217489, 11.3191870876],
 [0.256175318887, -0.0199653410725]],
 [[-7.1054273576e-15, 0.0964285714285],
 [-0.0113177916452, -0.00294770396405],
 [-0.125394984363, -1.36024931365],
 [-0.0113177916452, -0.0699511407271],
 [0.0020799811766, -0.0345579814012],
 [0.0171758042251, 0.389553732251],
 [0.0020799811766, -0.120051151566],
 [0.0182765219945, -0.32381559012],
 [0.0289593560623, 0.000379312858841],
 [0.0182765219945, -0.0977292014363],
 [-0.136047009883, 1.14440055462],
 [14.8865383005, 14.7353907258],
 [-0.136047009883, 0.0562176568026],
 [-0.14257955172, 0.254035897851],
 [0.000125215079072, -0.358663695632],
 [-0.142663750727, -0.0113019311948],
 [0.000125215079072, -0.0178259929666],
 [-0.142663750727, -0.0680976809606],
 [-0.14257955172, 0.076074843279]],
 [[7.1054273576e-15, 0.096428571429],
 [0.0113177916452, -0.0586333490787],
 [0.125394984363, -1.23485432929],
 [0.0113177916452, 0.00837008768238],
 [-0.0020799811766, -0.122131132741],
 [-0.0171758042251, 0.372377928026],
 [-0.0020799811766, -0.036637962576],
 [-0.0182765219945, -0.116005723431],
 [-0.0289593560623, -0.0285800431996],
 [-0.0182765219945, -0.342092112115],
 [0.136047009883, 0.192264666686],
 [-14.8865383005, -0.151147574669],
 [0.136047009883, 1.28044756451],
 [0.14257955172, 0.218654394999],
 [-0.000125215079072, -0.0179512080455],
 [0.142663750727, 0.0745660697804],
 [-0.000125215079072, -0.358788910711],
 [0.142663750727, 0.131361819551],
 [0.14257955172, 0.396615449571]],
 [[2.84217094304e-13, -0.192857142857],
 [-0.136437053392, 0.332354106884],
 [-0.575187060138, 2.30751011288],
 [0.0109748146056, 0.0062535887489],
 [0.0186348372486, 0.467892648092],
 [0.0804121044896, -0.721725608032],
 [0.00343188703565, 0.00926758399726],
 [0.032896195957, 0.0809607576915],
 [0.19931401095, 0.127857735839],
 [0.140871114139, 1.19955218529],
 [0.0160737101383, 0.0334300495306],
 [9.71126317039, -9.72861156613],
 [-1.26941938442, -5.52438563279],
 [-0.256175318887, -0.27614065996],
 [-3.37330874132e-05, -0.00955754027405],
 [-5.19209217489, 6.1270949127],
 [0.00123570440559, 1.62684409285],
 [0.583995150949, -0.674703381401],
 [-1.05551069106, -1.4344664913]],
 [[4.54747350886e-13, 0.150000000001],
 [0.86515090474, -1.36826458783],
 [0.999192528788, -1.96916000365],
 [0.0252999184945, 0.00834683706671],
 [-0.0760600082351, -1.0240637039],
 [-0.139317993055, 0.629988043412],
 [0.00290314327276, 0.0084279873422],
 [-0.00331622888672, 0.00403386268204],
 [-0.223188885598, -0.821223775988],
 [-0.468989114634, -2.37911082926],
 [0.00243384996165, 0.011631426334],
 [-3.75002227204, 19.9894692542],
 [5.30546112386, 14.0496689573],
 [0.0699177297871, 0.0699274343168],
 [-1.98754189569e-05, -0.00927826740576],
 [-11.974908029, -12.0249738464],
 [-0.00557301695176, -4.42958899863],
 [-2.05304176859, 1.92829772589],
 [3.3611429767, 2.99238322461]],
 [[-1.81898940355e-12, -7.27595761418e-12],
 [-5.41916092191, 8.0839722273],
 [-0.770739689121, 0.627900383392],
 [0.162392870087, -0.0426023194468],
 [0.196137626437, 1.35730804594],
 [0.0990386901002, -0.191306089329],
 [0.00706727290606, 0.0206015776303],
 [-0.00318394906765, 0.000690267338086],
 [1.15698857847, 2.12580901057],
 [0.872572185729, 2.88621373521],
 [-0.00224750412328, 0.00311199601032],
 [-4.98313965666, -26.1642251922],
 [-13.0900004795, -23.2806379177],
 [0.0225699607966, 0.0225843790211],
 [-1.57139790247e-05, -0.0123493280885],
 [10.8010902604, 10.8310427251],
 [0.0153736173357, 8.12257464157],
 [2.91679079461, -3.42436123902],
 [-5.96291272079, -3.95646440187]],
 [[-4.09272615798e-12, 7.27595761418e-12],
 [-13.5031331493, -8.08397222733],
 [0.204995189565, 0.0426023194959],
 [-1.3986400725, -0.627900383384],
 [-1.16117041951, -1.35730804592],
 [-0.0135343047924, -0.0206015776962],
 [0.290344779437, 0.191306089349],
 [-0.00387421640761, -0.000690267342179],
 [-2.01364154947, -2.886213735],
 [-0.968820432298, -2.12580901085],
 [-0.00535950013476, -0.00311199601117],
 [10.1906374382, 23.2806379172],
 [21.181085536, 26.1642251926],
 [0.0123336141013, 0.0123493280773],
 [-1.44182303643e-05, -0.0225843790449],
 [-8.10720102419, -8.1225746415],
 [-0.0299524647807, -10.8310427252],
 [-2.00644831874, 3.95646440173],
 [6.34115203354, 3.42436123896]],
 [[-0.150000000001, -0.150000000019],
 [2.23341549253, 1.36826458777],
 [0.016953081452, -0.00834683704321],
 [2.96835253237, 1.96916000347],
 [0.94800369567, 1.02406370388],
 [-0.00552484404847, -0.00842798732606],
 [-0.769306036487, -0.6299880435],
 [-0.0073500915716, -0.00403386268681],
 [1.91012171462, 2.37911082934],
 [0.598034890388, 0.821223775982],
 [-0.00919757637236, -0.0116314263371],
 [-8.74420783349, -14.0496689574],
 [-23.7394915267, -19.9894692546],
 [0.00925839198717, 0.00927826740553],
 [-9.70453822902e-06, -0.0699274343242],
 [4.42401598162, 4.42958899828],
 [0.0500658171953, 12.0249738462],
 [0.368759752011, -2.99238322478],
 [-3.98133949462, -1.92829772604]],
 [[0.192857142857, 0.192857142866],
 [-0.468791160277, -0.332354106873],
 [0.00472122586052, -0.00625358874564],
 [-2.88269717303, -2.30751011283],
 [-0.449257810847, -0.467892648091],
 [-0.00583569696255, -0.00926758399453],
 [0.802137712518, 0.721725608029],
 [-0.0480645617354, -0.0809607576791],
 [-1.05868107112, -1.19955218517],
 [0.0714562751347, -0.127857735818],
 [-0.0173563393931, -0.0334300495359],
 [4.2549662483, 5.52438563326],
 [19.4398747364, 9.72861156602],
 [0.00952380718604, 0.00955754027316],
 [0.0199653410507, 0.276140659916],
 [-1.6256083884, -1.62684409285],
 [-11.3191870876, -6.12709491275],
 [0.378955800258, 1.4344664911],
 [1.2586985323, 0.674703381355]],
 [[-0.0964285714326, -0.0964285714263],
 [0.0699511407247, 0.0586333490821],
 [0.00294770396384, -0.00837008768204],
 [1.36024931362, 1.23485432923],
 [0.120051151561, 0.122131132739],
 [0.0345579813999, 0.0366379625733],
 [-0.389553732253, -0.372377928041],
 [0.0977292014286, 0.116005723421],
 [0.323815590114, 0.342092112106],
 [-0.000379312861156, 0.0285800432013],
 [-0.0562176568091, -0.1922646667],
 [-1.14440055466, -1.28044756452],
 [-14.7353907258, 0.151147574639],
 [0.0178259929647, 0.0179512080454],
 [-0.0760748432706, -0.218654394965],
 [0.3586636956, 0.358788910726],
 [0.0680976809593, -0.0745660697671],
 [-0.254035897816, -0.396615449562],
 [0.0113019311941, -0.131361819532]],
 [[0.578571428575, 0.578571428568],
 [0.102791785971, -0.044620082025],
 [-0.0446200820253, 0.102791785967],
 [-6.80874953871, -6.80874953872],
 [-0.36815635074, -0.352953400532],
 [-0.352953400528, -0.36815635074],
 [2.05897833621, 2.05897833622],
 [-0.824252649986, -0.932227568174],
 [-0.93222756821, -0.824252649992],
 [0.0660977323794, 0.0660977323812],
 [0.542556847927, 1.82804994256],
 [1.82804994249, 0.542556847932],
 [13.9255187313, 13.9255187313],
 [-0.190150572046, -0.191420009558],
 [0.60869212628, 1.40802749839],
 [-0.191420009561, -0.19015057205],
 [-0.597722499709, -6.37380982555],
 [1.40802749843, 0.608692126326],
 [-6.37380982555, -0.597722499709]],
 [[-0.578571428571, 2.13162820728e-13],
 [6.80874953871, 0.0],
 [0.0446200820261, 0.147411867999],
 [-0.102791785973, -0.147411867998],
 [-2.05897833617, 0.0],
 [0.352953400542, -0.0152029502126],
 [0.368156350753, 0.0152029502143],
 [-0.0660977323679, 5.7980287238e-12],
 [0.932227568193, 0.107974918182],
 [0.82425265001, -0.107974918182],
 [-13.9255187313, -6.40909547656e-12],
 [-1.82804994246, -1.28549309456],
 [-0.542556847899, 1.28549309456],
 [6.37380982555, 5.77608732585],
 [0.597722499708, -5.77608732583],
 [-1.40802749845, -0.799335372172],
 [-0.608692126274, 0.799335372172],
 [0.191420009564, 0.00126943749304],
 [0.190150572071, -0.00126943749295]],
 [[2.41584530158e-13, -0.578571428571],
 [0.147411867999, 0.0446200820262],
 [0.0, 6.80874953871],
 [-0.147411867998, -0.102791785973],
 [-0.0152029502126, 0.352953400542],
 [0.0, -2.05897833617],
 [0.0152029502139, 0.368156350753],
 [0.107974918182, 0.932227568193],
 [5.7980287238e-12, -0.0660977323687],
 [-0.107974918182, 0.82425265001],
 [-1.28549309456, -1.82804994246],
 [1.44950718095e-11, -13.9255187313],
 [1.28549309456, -0.542556847899],
 [-0.799335372172, -1.40802749845],
 [0.00126943749304, 0.191420009564],
 [5.77608732584, 6.37380982555],
 [-0.00126943749293, 0.190150572071],
 [-5.77608732584, 0.59772249971],
 [0.799335372172, -0.608692126274]],
 [[-1.34999999999, -1.34999999999],
 [0.0890130936716, -0.111940485447],
 [0.405581606384, -0.635222958965],
 [13.2520358249, 14.973253353],
 [0.120887452712, 0.0765280191661],
 [1.73687028632, 1.77147400426],
 [-4.23993512407, -4.50050464474],
 [3.07486149817, 3.26673446017],
 [0.70432226919, 0.430522345412],
 [-3.8295424077, -8.15416514011],
 [-2.3437670182, -7.78671315978],
 [0.306279126161, 0.166360258282],
 [5.47945128867, -20.2776124912],
 [0.942804070541, 0.948711968459],
 [-2.13072002239, -3.52211915916],
 [-0.111443832777, -0.111089076424],
 [2.12642248992, 10.2918615709],
 [-2.02707587058, -0.127249760705],
 [-3.38003476873, 14.7072705727]],
 [[1.34999999996, 1.34999999998],
 [-0.155644726821, -1.21306300635],
 [-5.50250320488, 2.22749368092],
 [-12.0339041046, -16.1913850735],
 [0.178299051715, 0.116273675067],
 [-6.11710137957, -6.01726449017],
 [4.04227817729, 4.69816159158],
 [-6.66420732483, -6.48944475931],
 [0.0328103597349, 0.0714617873964],
 [8.72972646555, 3.25398108226],
 [5.94618540361, 19.5493920628],
 [0.0936664297815, 0.084876987986],
 [-10.2959732109, 25.0941344133],
 [-2.9326638259, -2.94958282102],
 [4.26186095551, 3.626839196],
 [-0.123594664228, -0.123372835859],
 [-4.26029284295, -10.9819272127],
 [0.599819462676, 0.000173438726051],
 [14.2972047991, -0.061054062371]],
 [[2.91038304567e-11, 0.0],
 [-4.33647979834, 3.83905552126],
 [6.48725517749e-12, 28.0603411804],
 [4.33647979826, 8.17553531967],
 [1.42068635184, -0.600206843048],
 [-1.54045665113e-11, -9.99027133207],
 [-1.42068635186, -2.0208931949],
 [9.28177175254, 7.87119045147],
 [1.40971678775e-11, 0.042193942885],
 [-9.28177175255, -1.41058130099],
 [-9.71515149315, -31.9770545336],
 [-3.63797880709e-12, 0.0411587810108],
 [9.71515149319, -22.2619030403],
 [6.71684647041, 6.75135144736],
 [-5.32725338787, 0.908832341059],
 [-0.2054699963, -0.205280096128],
 [5.32725338797, 6.23608572867],
 [0.205469996325, 0.000189900180203],
 [-6.71684647045, 0.0345049768255]],
 [[-1.35, 1.19371179608e-12],
 [12.0339041044, -4.15748096886],
 [5.50250320488, 7.72999688579],
 [0.155644726866, -1.05741827956],
 [-4.04227817726, 0.655883414329],
 [6.11710137958, 0.0998368893654],
 [-0.178299051648, -0.0620253766469],
 [-8.7297264655, -5.47574538325],
 [-0.0328103597402, 0.038651427658],
 [6.66420732492, 0.17476256542],
 [10.2959732108, 35.3901076242],
 [-0.0936664297672, -0.00878944177718],
 [-5.94618540352, 13.6032066588],
 [-14.2972047991, -14.3582588615],
 [4.26029284266, -6.72163436985],
 [-0.599819462736, -0.599646024004],
 [-4.26186095555, -0.635021759649],
 [0.123594664213, 0.000221828370798],
 [2.93266382593, -0.0169189952555]],
 [[1.35, 6.8212102633e-13],
 [-13.2520358246, 1.72121752832],
 [-0.405581606388, -1.04080456536],
 [-0.0890130936616, -0.200953579118],
 [4.2399351241, -0.260569520642],
 [-1.73687028632, 0.0346037179549],
 [-0.120887452734, -0.0443594335524],
 [3.82954240763, -4.32462273244],
 [-0.704322269254, -0.273799923836],
 [-3.07486149832, 0.191872961911],
 [-5.4794512887, -25.7570637799],
 [-0.306279126173, -0.139918867888],
 [2.34376701813, -5.44294614179],
 [3.38003476871, 18.0873053414],
 [-2.12642248994, 8.165439081],
 [2.02707587057, 1.89982610992],
 [2.13072002235, -1.391399137],
 [0.111443832777, 0.000354756360082],
 [-0.942804070617, 0.00590789789227]],
 [[1.35, -1.13686837722e-13],
 [-14.973253353, -1.72121752832],
 [0.111940485447, 0.200953579119],
 [0.63522295898, 1.04080456536],
 [4.50050464474, 0.260569520642],
 [-0.0765280191665, 0.0443594335546],
 [-1.77147400427, -0.0346037179539],
 [8.15416514012, 4.32462273242],
 [-3.26673446023, -0.191872961911],
 [-0.430522345417, 0.273799923836],
 [20.2776124912, 25.7570637798],
 [7.78671315992, 5.44294614179],
 [-0.166360258285, 0.139918867888],
 [-10.2918615709, -8.16543908099],
 [-14.7072705727, -18.0873053414],
 [3.52211915934, 1.391399137],
 [0.12724976065, -1.89982610992],
 [-0.94871196851, -0.00590789789197],
 [0.111089076418, -0.000354756359368]],
 [[-1.35, -1.52766688188e-12],
 [16.1913850732, 4.15748096886],
 [1.21306300635, 1.05741827953],
 [-2.22749368092, -7.7299968858],
 [-4.69816159158, -0.655883414329],
 [-0.116273675065, 0.0620253766418],
 [6.0172644902, -0.0998368893602],
 [-3.25398108225, 5.47574538329],
 [6.4894447595, -0.17476256542],
 [-0.0714617873958, -0.0386514276579],
 [-25.0941344133, -35.3901076242],
 [-19.5493920623, -13.6032066588],
 [-0.0848769879894, 0.00878944177708],
 [10.9819272127, 6.72163436979],
 [0.061054062368, 14.3582588615],
 [-3.6268391959, 0.635021759648],
 [-0.00017343873261, 0.599646024004],
 [2.94958282118, 0.0169189952558],
 [0.123372835859, -0.00022182836897]],
 [[-1.81898940355e-12, -1.36424205266e-12],
 [-8.17553531959, -3.83905552126],
 [-3.83905552126, -8.17553531959],
 [-28.0603411803, -28.0603411803],
 [2.02089319489, 0.600206843048],
 [0.600206843048, 2.02089319489],
 [9.99027133207, 9.99027133207],
 [1.41058130099, -7.87119045156],
 [-7.87119045156, 1.41058130099],
 [-0.0421939428881, -0.0421939428882],
 [22.2619030403, 31.9770545335],
 [31.9770545335, 22.2619030403],
 [-0.0411587810114, -0.0411587810114],
 [-6.23608572867, -0.9088323407],
 [-0.0345049768312, -6.75135144729],
 [-0.9088323407, -6.23608572867],
 [-0.000189900174684, 0.205280096128],
 [-6.75135144729, -0.0345049768305],
 [0.205280096128, -0.000189900174682]],
 [[-1.3571366253e-12, -1.35],
 [1.05741827953, 1.21306300635],
 [4.15748096886, 16.1913850732],
 [-7.7299968858, -2.22749368093],
 [0.0620253766423, -0.116273675065],
 [-0.655883414329, -4.69816159158],
 [-0.0998368893627, 6.0172644902],
 [-0.17476256542, 6.4894447595],
 [5.47574538329, -3.25398108225],
 [-0.0386514276578, -0.0714617873959],
 [-13.6032066588, -19.5493920623],
 [-35.3901076242, -25.0941344133],
 [0.00878944177708, -0.0848769879894],
 [0.635021759649, -3.6268391959],
 [0.0169189952553, 2.94958282118],
 [6.72163436979, 10.9819272127],
 [-0.000221828368957, 0.123372835859],
 [14.3582588615, 0.0610540623688],
 [0.599646024004, -0.000173438732601]],
 [[-1.70530256582e-13, 1.35],
 [0.200953579119, 0.111940485447],
 [-1.72121752832, -14.973253353],
 [1.04080456536, 0.635222958979],
 [0.0443594335547, -0.0765280191666],
 [0.260569520642, 4.50050464474],
 [-0.0346037179543, -1.77147400427],
 [-0.191872961911, -3.26673446023],
 [4.32462273242, 8.15416514011],
 [0.273799923836, -0.430522345417],
 [5.44294614179, 7.78671315992],
 [25.7570637798, 20.2776124912],
 [0.139918867888, -0.166360258285],
 [1.391399137, 3.52211915934],
 [-0.00590789789208, -0.94871196851],
 [-8.16543908099, -10.2918615709],
 [-0.000354756359364, 0.111089076418],
 [-18.0873053414, -14.7072705727],
 [-1.89982610992, 0.12724976065]],
 [[4.54747350886e-13, 1.35],
 [-1.04080456536, -0.405581606388],
 [1.72121752832, -13.2520358246],
 [-0.20095357912, -0.0890130936656],
 [0.0346037179562, -1.73687028632],
 [-0.260569520642, 4.2399351241],
 [-0.0443594335533, -0.120887452747],
 [-0.273799923836, -0.704322269254],
 [-4.32462273242, 3.82954240762],
 [0.191872961911, -3.07486149832],
 [-0.139918867888, -0.306279126173],
 [-25.7570637798, -5.47945128868],
 [-5.44294614179, 2.34376701813],
 [1.89982610992, 2.02707587057],
 [0.000354756360082, 0.111443832777],
 [18.0873053414, 3.3800347687],
 [0.00590789789203, -0.942804070617],
 [8.16543908103, -2.12642248991],
 [-1.391399137, 2.13072002235]],
 [[5.11590769747e-13, -1.35000000001],
 [7.72999688579, 5.50250320488],
 [-4.15748096886, 12.0339041044],
 [-1.05741827955, 0.155644726712],
 [0.0998368893638, 6.11710137958],
 [0.655883414329, -4.04227817726],
 [-0.0620253766388, -0.178299051668],
 [0.0386514276575, -0.0328103597238],
 [-5.47574538329, -8.72972646551],
 [0.17476256542, 6.66420732491],
 [-0.00878944177708, -0.0936664297672],
 [35.3901076242, 10.2959732109],
 [13.6032066588, -5.94618540352],
 [-0.599646024004, -0.599819462736],
 [0.00022182837489, 0.123594664228],
 [-14.3582588616, -14.2972047991],
 [-0.0169189952553, 2.93266382593],
 [-6.72163436978, 4.26029284277],
 [-0.635021759649, -4.26186095555]],
 [[0.0, 2.91038304567e-11],
 [28.0603411804, 4.94537744089e-12],
 [3.83905552126, -4.33647979834],
 [8.17553531962, 4.33647979846],
 [-9.99027133207, -8.6970430857e-12],
 [-0.600206843047, 1.42068635184],
 [-2.02089319485, -1.42068635192],
 [0.0421939428886, -2.22826201934e-11],
 [7.87119045146, 9.28177175257],
 [-1.41058130099, -9.28177175254],
 [0.0411587810114, -3.63797880709e-12],
 [-31.9770545335, -9.71515149316],
 [-22.2619030403, 9.71515149319],
 [-0.205280096128, -0.205469996302],
 [0.000189900172927, 0.205469996333],
 [6.75135144735, 6.71684647043],
 [0.0345049768255, -6.71684647045],
 [0.908832340778, -5.32725338759],
 [6.23608572867, 5.32725338797]],
 [[1.34999999997, 1.34999999993],
 [2.22749368093, -5.50250320488],
 [-1.21306300635, -0.155644726821],
 [-16.1913850734, -12.0339041044],
 [-6.01726449019, -6.11710137956],
 [0.116273675067, 0.178299051713],
 [4.69816159158, 4.04227817729],
 [0.0714617873987, 0.0328103597603],
 [-6.48944475939, -6.66420732488],
 [3.25398108226, 8.72972646555],
 [0.084876987986, 0.0936664297587],
 [19.5493920627, 5.94618540362],
 [25.0941344133, -10.2959732109],
 [-0.123372835859, -0.123594664222],
 [0.000173438726051, 0.599819462798],
 [-2.94958282105, -2.93266382588],
 [-0.0610540623711, 14.2972047991],
 [3.62683919627, 4.26186095531],
 [-10.9819272127, -4.26029284295]],
 [[-1.34999999999, -1.34999999998],
 [-0.635222958964, 0.405581606385],
 [-0.111940485447, 0.0890130936732],
 [14.9732533529, 13.2520358248],
 [1.77147400425, 1.73687028631],
 [0.0765280191683, 0.120887452719],
 [-4.50050464476, -4.23993512412],
 [0.430522345408, 0.704322269215],
 [3.26673446016, 3.07486149821],
 [-8.15416514011, -3.82954240769],
 [0.166360258282, 0.306279126166],
 [-7.78671315999, -2.34376701824],
 [-20.2776124912, 5.47945128867],
 [-0.111089076422, -0.111443832789],
 [-0.127249760676, -2.02707587041],
 [0.948711968369, 0.942804070574],
 [14.7072705727, -3.38003476873],
 [-3.52211915911, -2.13072002243],
 [10.2918615709, 2.12642248992]],
 [[4.04999999995, 4.04999999993],
 [-0.0475190960401, 3.15834227731],
 [3.15834227731, -0.0475190960397],
 [-30.7222703596, -30.7222703595],
 [-0.955950668509, -0.605018048979],
 [-0.605018048974, -0.95595066852],
 [10.0985053577, 10.0985053576],
 [-1.7488701739, -2.76073744635],
 [-2.76073744645, -1.74887017392],
 [3.63939802644, 3.63939802644],
 [-0.706096233015, -1.23033935818],
 [-1.23033935821, -0.706096232999],
 [-0.371899590784, -0.371899590784],
 [0.629243068976, 0.630994561264],
 [0.269981527898, 6.29083994524],
 [0.630994561292, 0.629243068973],
 [-4.77722406365, -4.52954908951],
 [6.29083994504, 0.269981528102],
 [-4.52954908951, -4.77722406365]],
 [[-4.04999999999, 9.66338120634e-13],
 [30.7222703594, 2.6645352591e-15],
 [-3.15834227731, -3.20586137334],
 [0.0475190959927, 3.20586137335],
 [-10.0985053576, -3.2684965845e-13],
 [0.605018048979, -0.350932619546],
 [0.955950668496, 0.350932619534],
 [-3.63939802646, -2.36752839555e-11],
 [2.7607374465, 1.01186727256],
 [1.74887017394, -1.01186727256],
 [0.37189959078, -2.52953213931e-11],
 [1.23033935823, 0.524243125216],
 [0.706096233013, -0.524243125216],
 [4.52954908952, -0.247674974128],
 [4.77722406367, 0.247674974137],
 [-6.29083994528, -6.02085841723],
 [-0.269981528049, 6.02085841723],
 [-0.630994561275, -0.00175149231343],
 [-0.629243068968, 0.00175149231153]],
 [[-2.21689333557e-12, -4.05],
 [-3.20586137334, -3.15834227731],
 [7.1054273576e-15, 30.7222703594],
 [3.20586137336, 0.0475190960211],
 [-0.350932619548, 0.605018048976],
 [-2.98427949019e-13, -10.0985053576],
 [0.350932619539, 0.9559506685],
 [1.01186727256, 2.76073744649],
 [-2.1856294552e-11, -3.63939802648],
 [-1.01186727256, 1.74887017394],
 [0.524243125216, 1.23033935823],
 [-2.31921148952e-11, 0.371899590777],
 [-0.524243125216, 0.706096233013],
 [-6.02085841723, -6.29083994528],
 [-0.00175149231292, -0.630994561282],
 [-0.247674974126, 4.52954908951],
 [0.00175149231153, -0.629243068968],
 [0.247674974081, 4.77722406366],
 [6.02085841723, -0.269981528049]],
 [[-6.74999999997, -6.74999999999],
 [12.8267304496, -7.37371669105],
 [6.17406701577, -21.8066929089],
 [30.3069114138, 35.7474437668],
 [-4.98693912718, 1.5524825276],
 [-2.3334919776, 13.6268230133],
 [-11.0208120278, -12.0319095362],
 [4.31259524287, 6.50740019461],
 [-0.104733059263, -0.327649567289],
 [7.38949369112, -3.15391310895],
 [1.70723259477, 2.76961355451],
 [-0.271966080167, -0.326201905588],
 [2.3597776262, -1.07007435616],
 [-2.44473607574, -2.45032443951],
 [0.0622662325286, -10.3895924289],
 [0.874060548218, 0.872849214571],
 [1.61410391946, 10.3087154912],
 [-2.31951789649, -0.00119231352573],
 [-8.9380692897, 0.0147758808131]],
 [[6.74999999998, -1.45519152284e-11],
 [-30.3069114137, 5.44053235296],
 [-6.17406701577, -27.9807599247],
 [-12.8267304495, -20.2004471407],
 [11.0208120277, -1.0110975085],
 [2.33349197759, 15.9603149909],
 [4.98693912716, 6.53942165472],
 [-7.38949369114, -10.5434068],
 [0.104733059251, -0.222916508013],
 [-4.31259524284, 2.19480495176],
 [-2.35977762621, -3.42985198242],
 [0.271966080125, -0.0542358254711],
 [-1.70723259476, 1.06238095973],
 [8.9380692897, 8.95284517052],
 [-1.61410391958, 8.69461157188],
 [2.31951789662, 2.31832558314],
 [-0.0622662323944, -10.4518586611],
 [-0.874060548209, -0.00121133365178],
 [2.44473607573, -0.00558836373847]],
 [[6.75000000001, 7.27595761418e-12],
 [-35.7474437667, -5.44053235296],
 [7.37371669105, 20.2004471406],
 [21.8066929089, 27.9807599247],
 [12.0319095362, 1.0110975085],
 [-1.5524825276, -6.53942165477],
 [-13.6268230133, -15.9603149909],
 [3.15391310895, 10.5434068001],
 [-6.50740019459, -2.19480495176],
 [0.327649567261, 0.222916508007],
 [1.07007435616, 3.42985198236],
 [-2.76961355449, -1.06238095973],
 [0.32620190559, 0.0542358254712],
 [-10.3087154912, -8.69461157178],
 [-0.0147758807975, -8.95284517048],
 [10.3895924287, 10.4518586611],
 [0.00119231348154, -2.31832558314],
 [2.45032443951, 0.00558836374736],
 [-0.872849214571, 0.00121133364283]],
 [[7.27595761418e-12, 6.75000000001],
 [20.2004471406, 7.37371669105],
 [-5.44053235296, -35.7474437667],
 [27.9807599247, 21.8066929089],
 [-6.53942165477, -1.5524825276],
 [1.0110975085, 12.0319095362],
 [-15.9603149909, -13.6268230134],
 [-2.19480495176, -6.50740019458],
 [10.5434068001, 3.15391310895],
 [0.222916508008, 0.327649567262],
 [-1.06238095973, -2.76961355449],
 [3.42985198238, 1.07007435616],
 [0.0542358254712, 0.32620190559],
 [10.4518586611, 10.3895924287],
 [0.00558836374802, 2.45032443952],
 [-8.69461157178, -10.3087154912],
 [0.00121133364283, -0.872849214571],
 [-8.9528451705, -0.0147758807773],
 [-2.31832558314, 0.0011923134816]],
 [[-1.45519152284e-11, 6.74999999998],
 [-27.9807599247, -6.17406701577],
 [5.44053235296, -30.3069114137],
 [-20.2004471407, -12.8267304494],
 [15.9603149909, 2.33349197759],
 [-1.0110975085, 11.0208120277],
 [6.53942165472, 4.98693912722],
 [-0.222916508007, 0.104733059252],
 [-10.5434068, -7.38949369113],
 [2.19480495176, -4.31259524284],
 [-0.0542358254723, 0.271966080123],
 [-3.42985198251, -2.35977762619],
 [1.06238095973, -1.70723259476],
 [2.31832558314, 2.31951789662],
 [-0.0012113336619, -0.874060548205],
 [8.95284517053, 8.9380692897],
 [-0.00558836373818, 2.44473607573],
 [8.69461157173, -1.61410391953],
 [-10.4518586611, -0.0622662323944]],
 [[-6.74999999997, -6.74999999997],
 [-21.8066929089, 6.17406701577],
 [-7.37371669105, 12.8267304496],
 [35.747443767, 30.3069114139],
 [13.6268230133, -2.3334919776],
 [1.5524825276, -4.98693912717],
 [-12.0319095363, -11.0208120276],
 [-0.32764956726, -0.104733059263],
 [6.50740019464, 4.31259524286],
 [-3.15391310895, 7.38949369112],
 [-0.326201905584, -0.271966080114],
 [2.7696135545, 1.70723259474],
 [-1.07007435616, 2.3597776262],
 [0.872849214571, 0.87406054821],
 [-0.00119231350891, -2.31951789648],
 [-2.45032443948, -2.44473607574],
 [0.014775880813, -8.9380692897],
 [-10.3895924289, 0.0622662324981],
 [10.3087154912, 1.61410391946]],
 [[-2.91038304567e-11, -2.18278728426e-11],
 [39.8701949613, -3.07309733216e-13],
 [-4.97379915032e-14, 39.8701949613],
 [-39.8701949612, -39.8701949612],
 [-16.6606161998, 1.84741111298e-12],
 [1.13686837722e-12, -16.6606161998],
 [16.6606162, 16.6606161999],
 [0.961640735136, -6.25277607469e-12],
 [2.10320649785e-11, 0.961640735144],
 [-0.961640735125, -0.961640735124],
 [0.535091024494, 1.87583282241e-11],
 [3.03543856717e-11, 0.535091024494],
 [-0.535091024496, -0.535091024496],
 [-5.41328598682, -5.41810220172],
 [0.00481621482615, 5.41810220166],
 [-5.41810220173, -5.41328598683],
 [-0.00481621491477, 5.41328598683],
 [5.4181022017, 0.00481621487253],
 [5.41328598683, -0.0048162149148]]]
