[[[-0.0196761527355, -0.0196761527355],
 [-0.212868297424, -0.212868297422],
 [-0.212868297423, -0.212868297425],
 [0.236471163218, 0.236471163218],
 [0.0191995179336, 0.0191995179337],
 [0.0191995179335, 0.0191995179335],
 [-0.186943573353, -0.186943573353],
 [0.0546907043442, 0.0546907043439],
 [0.0546907043431, 0.0546907043431],
 [0.0225843838109, 0.0225843838109],
 [0.147024280302, 0.147024280302],
 [0.147024280301, 0.147024280301],
 [-6.88160619944, -6.88160619944],
 [0.147024280301, 0.147024280302],
 [0.0546907043432, 0.0546907043429],
 [0.147024280303, 0.147024280302],
 [0.104273263143, 0.104273263143],
 [0.0546907043422, 0.0546907043422],
 [0.104273263143, 0.104273263143]],
 [[0.0196761527351, 0.0],
 [-0.236471163217, 0.0],
 [0.212868297422, 0.0],
 [0.212868297422, 0.0],
 [0.186943573352, 0.0],
 [-0.0191995179336, 0.0],
 [-0.0191995179336, 0.0],
 [-0.0225843838106, 0.0],
 [-0.0546907043439, 0.0],
 [-0.0546907043439, 0.0],
 [6.88160619944, 0.0],
 [-0.147024280303, 0.0],
 [-0.147024280303, 0.0],
 [-0.104273263143, 0.0],
 [-0.104273263143, 0.0],
 [-0.0546907043439, 0.0],
 [-0.0546907043439, 0.0],
 [-0.147024280303, 0.0],
 [-0.147024280303, 0.0]],
 [[0.0, 0.0196761527351],
 [0.0, 0.212868297422],
 [0.0, -0.236471163217],
 [0.0, 0.212868297422],
 [0.0, -0.0191995179336],
 [0.0, 0.186943573352],
 [0.0, -0.0191995179336],
 [0.0, -0.0546907043439],
 [0.0, -0.0225843838106],
 [0.0, -0.0546907043439],
 [0.0, -0.147024280303],
 [0.0, 6.88160619944],
 [0.0, -0.147024280303],
 [0.0, -0.0546907043439],
 [0.0, -0.147024280303],
 [0.0, -0.104273263143],
 [0.0, -0.147024280303],
 [0.0, -0.104273263143],
 [0.0, -0.0546907043439]],
 [[0.103120168962, 0.0868624846679],
 [1.75378871045, 1.7097037266],
 [0.261245830184, 0.217160846331],
 [-2.77697076323, -3.78092612209],
 [-0.03513527581, -0.0204958905938],
 [-0.176003190527, -0.161363805311],
 [0.919048608935, 0.785290805565],
 [-0.366558811765, -0.355022105108],
 [-0.165329488164, -0.153792781514],
 [-0.116356263423, -0.139385811908],
 [-1.32536017965, -1.46955738934],
 [0.0981588944339, -0.0460383152943],
 [13.9343794658, -12.6907330709],
 [-1.00893960534, -1.15313681506],
 [-0.500817348789, -0.489280642136],
 [-0.218261679873, -0.362458889603],
 [-1.35894792862, -1.27512079106],
 [-0.0310709511352, -0.0195342444849],
 [-0.245788713619, -0.161961576062]],
 [[-0.203221053701, -0.129248590156],
 [-6.35570914211, -6.00610224699],
 [0.00845233616474, 0.0269031900126],
 [8.61183444658, 2.86448510272],
 [-0.0152032325112, -0.0141837671294],
 [0.739632287401, 0.590365823636],
 [-1.7677607899, -1.21483318547],
 [1.02627680535, 0.952474799712],
 [0.13402050219, 0.107574030724],
 [0.159954378767, 0.287594253061],
 [5.34110451483, 6.57185513656],
 [0.0221576561901, -0.0240990943788],
 [-17.1948267124, 15.0184455213],
 [2.92949278893, 3.87638953511],
 [2.06553362069, 1.9601363951],
 [-0.0248574157035, 0.212739709335],
 [-4.50179409886, -13.0936382407],
 [-0.0173347043843, -0.012185955914],
 [-0.189465102132, 1.48324365354]],
 [[0.162576842964, 0.0552761266101],
 [13.2649315141, 12.047002564],
 [0.00199906778369, 0.0146593337293],
 [-15.1388064665, -3.16085680735],
 [-0.0168171649683, -0.0235300188633],
 [-1.9411320508, -1.13305857138],
 [1.61458798602, 0.794569663673],
 [-1.51684799182, -1.32212661717],
 [0.00189479776589, 0.00935122308343],
 [0.315985892937, 0.157481519308],
 [-12.6853489397, -17.3481391632],
 [0.00733249253119, -0.020300644305],
 [21.3684478091, -14.893067254],
 [-4.61362996557, -7.23237320131],
 [-5.09168542454, -4.64987522276],
 [0.0587413037059, 0.0145448064713],
 [10.7720309991, 2.38030400615],
 [-0.0177138044024, -0.0130517964619],
 [1.92452477151, -3.32226524074]],
 [[-6.19593265583e-12, 0.00711273687949],
 [-17.517614405, -15.068759608],
 [-5.68434188608e-13, 0.011881117375],
 [17.5176144049, 2.44885479692],
 [0.626888387054, 0.46484865016],
 [1.49924517245e-12, -6.75479417442],
 [-0.626888387056, -0.162039736895],
 [1.18460768598, 0.922028184226],
 [1.87583282241e-12, 0.00579550449851],
 [-1.18460768598, -0.26257950176],
 [19.7489746875, 30.0770873231],
 [1.13686837722e-13, -0.0214841912092],
 [-19.7489746874, 10.3281126357],
 [4.1395967206, 8.05050123815],
 [8.48784068308, 7.32898758398],
 [0.0259247559927, 0.00636605200953],
 [-8.48784068305, -1.15885309909],
 [-0.0259247559918, -0.019558703982],
 [-4.13959672059, 3.91090451755]],
 [[-0.162576842956, -0.107300716354],
 [15.1388064665, 11.9779496592],
 [-0.001999067784, 0.0126602659444],
 [-13.2649315141, -1.2179289501],
 [-1.61458798602, -0.820018322352],
 [1.94113205081, 0.808073479428],
 [0.0168171649794, -0.00671285389589],
 [-0.315985892922, -0.15850437363],
 [-0.00189479776492, 0.00745642531754],
 [1.51684799183, 0.194721374665],
 [-21.368447809, -36.2615150631],
 [-0.00733249252966, -0.0276331368348],
 [12.6853489398, -4.6627902234],
 [-1.92452477145, -5.24679001226],
 [-10.7720309991, -8.39172699291],
 [0.0177138044037, 0.00466200794129],
 [5.09168542456, 0.441810201806],
 [-0.0587413037057, -0.0441964972362],
 [4.61362996555, -2.61874323575]],
 [[0.2032210537, 0.0739724635473],
 [-8.61183444658, -5.74734934387],
 [-0.00845233616421, 0.0184508538489],
 [6.35570914208, 0.34960689508],
 [1.76776078991, 0.552927604438],
 [-0.739632287402, -0.149266463763],
 [0.0152032325069, 0.00101946538198],
 [-0.159954378768, 0.127639874293],
 [-0.134020502191, -0.0264464714686],
 [-1.02627680535, -0.0738020056337],
 [17.1948267124, 32.2132722337],
 [-0.0221576561881, -0.0462567505667],
 [-5.34110451473, 1.23075062185],
 [0.189465102149, 1.67270875567],
 [4.50179409888, -8.59184414184],
 [0.0173347043844, 0.00514874847033],
 [-2.06553362067, -0.105397225573],
 [0.0248574157084, 0.237597125041],
 [-2.92949278888, 0.946896746244]],
 [[-0.103120168964, -0.0162576842961],
 [2.77697076323, -1.00395535885],
 [-0.261245830181, -0.0440849838518],
 [-1.75378871045, -0.0440849838518],
 [-0.919048608936, -0.13375780337],
 [0.176003190527, 0.0146393852161],
 [0.0351352758101, 0.0146393852161],
 [0.116356263423, -0.0230295484839],
 [0.165329488162, 0.0115367066504],
 [0.366558811756, 0.0115367066504],
 [-13.9343794658, -26.6251125367],
 [-0.0981588944338, -0.144197209728],
 [1.32536017963, -0.144197209728],
 [0.245788713614, 0.083827137557],
 [1.35894792862, 0.083827137557],
 [0.0310709511355, 0.0115367066504],
 [0.500817348783, 0.0115367066504],
 [0.218261679872, -0.144197209728],
 [1.00893960532, -0.144197209728]],
 [[-0.0868624846677, 0.0162576842961],
 [3.78092612209, 1.00395535885],
 [-1.7097037266, 0.0440849838518],
 [-0.21716084633, 0.0440849838518],
 [-0.785290805566, 0.13375780337],
 [0.0204958905939, -0.0146393852161],
 [0.161363805311, -0.0146393852161],
 [0.139385811907, 0.0230295484839],
 [0.355022105106, -0.0115367066504],
 [0.153792781512, -0.0115367066504],
 [12.6907330709, 26.6251125367],
 [1.46955738935, 0.144197209728],
 [0.0460383152944, 0.144197209728],
 [1.27512079106, -0.083827137557],
 [0.161961576062, -0.083827137557],
 [0.489280642132, -0.0115367066504],
 [0.0195342444851, -0.0115367066504],
 [1.15313681505, 0.144197209728],
 [0.3624588896, 0.144197209728]],
 [[0.129248590154, -0.0739724635472],
 [-2.86448510272, 5.74734934386],
 [6.006102247, -0.34960689508],
 [-0.026903190013, -0.0184508538489],
 [1.21483318547, -0.552927604438],
 [0.0141837671295, -0.00101946538201],
 [-0.590365823637, 0.149266463763],
 [-0.28759425306, -0.127639874293],
 [-0.952474799713, 0.0738020056337],
 [-0.107574030723, 0.0264464714687],
 [-15.0184455213, -32.2132722337],
 [-6.57185513658, -1.23075062185],
 [0.0240990943787, 0.0462567505667],
 [13.0936382407, 8.59184414184],
 [-1.48324365354, -1.67270875567],
 [-1.9601363951, 0.105397225573],
 [0.012185955914, -0.00514874847029],
 [-3.87638953512, -0.946896746244],
 [-0.212739709332, -0.237597125041]],
 [[-0.0552761266067, 0.107300716354],
 [3.16085680735, -11.9779496592],
 [-12.047002564, 1.2179289501],
 [-0.0146593337288, -0.0126602659444],
 [-0.794569663669, 0.820018322352],
 [0.0235300188634, 0.00671285389501],
 [1.13305857138, -0.808073479427],
 [-0.157481519308, 0.158504373629],
 [1.32212661716, -0.194721374665],
 [-0.00935122308264, -0.00745642531747],
 [14.893067254, 36.2615150631],
 [17.3481391632, 4.6627902234],
 [0.0203006443051, 0.0276331368348],
 [-2.38030400615, 8.39172699291],
 [3.32226524074, 5.24679001225],
 [4.64987522275, -0.441810201806],
 [0.0130517964619, -0.00466200794137],
 [7.2323732013, 2.61874323575],
 [-0.0145448064695, 0.0441964972362]],
 [[-0.00711273687959, -0.00711273687956],
 [-2.44885479692, 15.068759608],
 [15.068759608, -2.44885479692],
 [-0.011881117375, -0.011881117375],
 [0.162039736893, -0.46484865016],
 [-0.46484865016, 0.162039736893],
 [6.75479417442, 6.75479417442],
 [0.26257950176, -0.922028184224],
 [-0.922028184224, 0.26257950176],
 [-0.00579550449824, -0.00579550449824],
 [-10.3281126357, -30.0770873231],
 [-30.0770873231, -10.3281126357],
 [0.0214841912092, 0.0214841912092],
 [1.15885309909, -7.32898758397],
 [-3.91090451755, -8.05050123814],
 [-7.32898758397, 1.15885309909],
 [0.019558703982, -0.00636605200981],
 [-8.05050123814, -3.91090451755],
 [-0.00636605200981, 0.019558703982]],
 [[0.107300716354, -0.0552761266067],
 [1.2179289501, -12.047002564],
 [-11.9779496592, 3.16085680735],
 [-0.0126602659444, -0.0146593337288],
 [0.00671285389501, 0.0235300188634],
 [0.820018322352, -0.794569663669],
 [-0.808073479427, 1.13305857138],
 [-0.194721374665, 1.32212661716],
 [0.158504373629, -0.157481519308],
 [-0.00745642531747, -0.00935122308263],
 [4.6627902234, 17.3481391632],
 [36.2615150631, 14.893067254],
 [0.0276331368348, 0.0203006443051],
 [-0.441810201806, 4.64987522275],
 [2.61874323575, 7.2323732013],
 [8.39172699291, -2.38030400615],
 [0.0441964972362, -0.0145448064695],
 [5.24679001225, 3.32226524074],
 [-0.00466200794137, 0.0130517964619]],
 [[-0.0739724635472, 0.129248590154],
 [-0.34960689508, 6.006102247],
 [5.74734934386, -2.86448510272],
 [-0.0184508538489, -0.026903190013],
 [-0.00101946538201, 0.0141837671295],
 [-0.552927604438, 1.21483318547],
 [0.149266463763, -0.590365823637],
 [0.0738020056337, -0.952474799713],
 [-0.127639874293, -0.28759425306],
 [0.0264464714687, -0.107574030723],
 [-1.23075062185, -6.57185513658],
 [-32.2132722337, -15.0184455213],
 [0.0462567505667, 0.0240990943787],
 [0.105397225573, -1.9601363951],
 [-0.946896746244, -3.87638953512],
 [8.59184414184, 13.0936382407],
 [-0.237597125041, -0.212739709332],
 [-1.67270875567, -1.48324365354],
 [-0.00514874847029, 0.012185955914]],
 [[0.0162576842961, -0.0868624846677],
 [0.0440849838518, -1.7097037266],
 [1.00395535885, 3.78092612209],
 [0.0440849838518, -0.21716084633],
 [-0.0146393852161, 0.0204958905939],
 [0.13375780337, -0.785290805566],
 [-0.0146393852161, 0.161363805311],
 [-0.0115367066504, 0.355022105106],
 [0.0230295484839, 0.139385811907],
 [-0.0115367066504, 0.153792781512],
 [0.144197209728, 1.46955738935],
 [26.6251125367, 12.6907330709],
 [0.144197209728, 0.0460383152944],
 [-0.0115367066504, 0.489280642132],
 [0.144197209728, 1.15313681505],
 [-0.083827137557, 1.27512079106],
 [0.144197209728, 0.3624588896],
 [-0.083827137557, 0.161961576062],
 [-0.0115367066504, 0.0195342444851]],
 [[-0.0162576842961, -0.103120168964],
 [-0.0440849838518, -0.261245830181],
 [-1.00395535885, 2.77697076323],
 [-0.0440849838518, -1.75378871045],
 [0.0146393852161, 0.176003190527],
 [-0.13375780337, -0.919048608936],
 [0.0146393852161, 0.03513527581],
 [0.0115367066504, 0.165329488162],
 [-0.0230295484839, 0.116356263423],
 [0.0115367066504, 0.366558811756],
 [-0.144197209728, -0.0981588944338],
 [-26.6251125367, -13.9343794658],
 [-0.144197209728, 1.32536017963],
 [0.0115367066504, 0.0310709511355],
 [-0.144197209728, 0.218261679872],
 [0.083827137557, 0.245788713615],
 [-0.144197209728, 1.00893960532],
 [0.083827137557, 1.35894792861],
 [0.0115367066504, 0.500817348783]],
 [[0.0739724635473, 0.2032210537],
 [0.0184508538489, -0.0084523361642],
 [-5.74734934386, -8.61183444661],
 [0.34960689508, 6.35570914208],
 [-0.149266463763, -0.739632287402],
 [0.552927604438, 1.76776078991],
 [0.00101946538201, 0.015203232509],
 [-0.0264464714686, -0.134020502192],
 [0.127639874293, -0.159954378769],
 [-0.0738020056337, -1.02627680535],
 [-0.0462567505667, -0.0221576561881],
 [32.2132722337, 17.1948267124],
 [1.23075062185, -5.34110451473],
 [0.00514874847033, 0.0173347043843],
 [0.237597125041, 0.0248574157084],
 [1.67270875567, 0.189465102148],
 [0.946896746244, -2.92949278888],
 [-8.59184414184, 4.50179409888],
 [-0.105397225573, -2.06553362067]],
 [[-0.107300716354, -0.162576842957],
 [0.0126602659444, -0.00199906778408],
 [11.9779496592, 15.1388064666],
 [-1.2179289501, -13.2649315141],
 [0.808073479428, 1.94113205081],
 [-0.820018322352, -1.61458798602],
 [-0.00671285389393, 0.0168171649766],
 [0.00745642531756, -0.00189479776554],
 [-0.15850437363, -0.315985892926],
 [0.194721374665, 1.51684799183],
 [-0.0276331368348, -0.0073324925297],
 [-36.2615150631, -21.368447809],
 [-4.6627902234, 12.6853489398],
 [0.00466200794141, 0.0177138044028],
 [-0.0441964972362, -0.0587413037056],
 [-5.24679001225, -1.92452477148],
 [-2.61874323575, 4.61362996555],
 [-8.39172699291, -10.772030999],
 [0.441810201806, 5.09168542456]],
 [[0.00711273688006, -3.86535248253e-12],
 [0.0118811173751, -3.41060513165e-13],
 [-15.068759608, -17.517614405],
 [2.44885479692, 17.5176144049],
 [-6.75479417442, -3.18323145621e-12],
 [0.46484865016, 0.626888387054],
 [-0.162039736892, -0.626888387062],
 [0.00579550449851, 6.8212102633e-13],
 [0.922028184231, 1.18460768598],
 [-0.26257950176, -1.18460768598],
 [-0.0214841912092, 1.13686837722e-13],
 [30.0770873231, 19.7489746875],
 [10.3281126357, -19.7489746874],
 [0.00636605200947, 0.0259247559909],
 [-0.019558703982, -0.0259247559918],
 [8.05050123813, 4.13959672063],
 [3.91090451755, -4.13959672059],
 [7.32898758399, 8.48784068311],
 [-1.15885309909, -8.48784068305]],
 [[0.0552761266101, 0.162576842969],
 [0.0146593337293, 0.00199906778437],
 [12.047002564, 13.2649315141],
 [-3.16085680735, -15.1388064665],
 [-1.13305857138, -1.9411320508],
 [-0.0235300188633, -0.0168171649681],
 [0.794569663674, 1.61458798604],
 [0.00935122308343, 0.00189479776486],
 [-1.32212661717, -1.51684799183],
 [0.157481519308, 0.315985892937],
 [-0.020300644305, 0.00733249253162],
 [-17.3481391632, -12.6853489398],
 [-14.893067254, 21.3684478091],
 [0.0145448064713, 0.0587413037085],
 [-0.0130517964619, -0.0177138044025],
 [-7.23237320131, -4.61362996557],
 [-3.32226524074, 1.92452477151],
 [-4.64987522277, -5.09168542458],
 [2.38030400615, 10.7720309991]],
 [[-0.129248590154, -0.203221053701],
 [0.0269031900126, 0.00845233616434],
 [-6.00610224699, -6.35570914205],
 [2.86448510272, 8.61183444658],
 [0.590365823637, 0.739632287401],
 [-0.0141837671294, -0.0152032325113],
 [-1.21483318548, -1.76776078991],
 [0.107574030724, 0.134020502189],
 [0.952474799711, 1.02627680535],
 [0.287594253061, 0.159954378767],
 [-0.0240990943788, 0.0221576561889],
 [6.57185513657, 5.3411045148],
 [15.0184455213, -17.1948267124],
 [0.212739709331, -0.0248574156981],
 [-0.012185955914, -0.0173347043834],
 [3.87638953512, 2.92949278895],
 [1.48324365354, -0.189465102132],
 [1.96013639508, 2.06553362068],
 [-13.0936382407, -4.50179409886]],
 [[0.0868624846663, 0.103120168964],
 [0.21716084633, 0.261245830185],
 [1.7097037266, 1.75378871045],
 [-3.78092612209, -2.77697076323],
 [-0.161363805311, -0.176003190527],
 [-0.0204958905938, -0.0351352758102],
 [0.785290805564, 0.91904860893],
 [-0.153792781514, -0.165329488161],
 [-0.355022105107, -0.366558811762],
 [-0.139385811908, -0.116356263423],
 [-0.0460383152946, 0.0981588944334],
 [-1.46955738935, -1.32536017965],
 [-12.6907330709, 13.9343794658],
 [-0.362458889605, -0.218261679873],
 [-0.0195342444849, -0.0310709511356],
 [-1.15313681505, -1.00893960533],
 [-0.161961576062, -0.245788713619],
 [-0.489280642138, -0.500817348788],
 [-1.27512079106, -1.35894792862]],
 [[-0.504638520558, -0.504638520554],
 [-1.85755975623, -2.18871579747],
 [-2.18871579745, -1.85755975623],
 [-9.46138236172, -9.46138236172],
 [0.376440223851, 0.226154294708],
 [0.226154294709, 0.376440223853],
 [-3.94732082407, -3.94732082408],
 [1.11250246819, 1.15985800235],
 [1.15985800234, 1.11250246819],
 [1.07181937876, 1.07181937876],
 [0.433540389676, -0.84346698273],
 [-0.843466982746, 0.433540389679],
 [19.4908156266, 19.4908156266],
 [2.60831331182, 1.8990136906],
 [0.193005639508, 0.303551613543],
 [1.89901369061, 2.60831331184],
 [-5.71481506222, 4.5497378353],
 [0.303551613547, 0.193005639508],
 [4.5497378353, -5.71481506222]],
 [[0.50463852055, -1.42108547152e-14],
 [9.46138236172, 2.38742359215e-12],
 [2.18871579745, 0.331156041231],
 [1.85755975622, -0.331156041231],
 [3.94732082407, -8.881784197e-16],
 [-0.22615429471, 0.150285929145],
 [-0.376440223856, -0.150285929145],
 [-1.07181937876, 7.17648163118e-13],
 [-1.15985800236, -0.0473555341651],
 [-1.11250246819, 0.047355534165],
 [-19.4908156266, -3.12638803734e-12],
 [0.843466982734, 1.27700737242],
 [-0.433540389684, -1.27700737242],
 [-4.5497378353, -10.2645528975],
 [5.71481506222, 10.2645528975],
 [-0.303551613552, -0.110545974043],
 [-0.193005639509, 0.110545974043],
 [-1.89901369062, 0.709299621203],
 [-2.60831331182, -0.709299621203]],
 [[-1.42108547152e-14, 0.50463852055],
 [0.331156041231, 2.18871579745],
 [-2.18847162614e-12, 9.46138236172],
 [-0.331156041231, 1.85755975622],
 [0.150285929145, -0.226154294709],
 [-8.881784197e-16, 3.94732082407],
 [-0.150285929145, -0.376440223855],
 [-0.047355534165, -1.15985800236],
 [7.24753590475e-13, -1.07181937876],
 [0.047355534165, -1.11250246819],
 [1.27700737242, 0.843466982734],
 [-4.63273863716e-12, -19.4908156266],
 [-1.27700737242, -0.433540389684],
 [-0.110545974043, -0.303551613552],
 [0.709299621203, -1.89901369062],
 [-10.2645528975, -4.5497378353],
 [-0.709299621203, -2.60831331182],
 [10.2645528975, 5.71481506222],
 [0.110545974043, -0.193005639509]],
 [[1.17055326932, 0.858405730833],
 [7.0925977768, 8.14807795969],
 [-0.0672534839468, -0.242362517096],
 [26.7149723146, 0.266162558522],
 [0.192979794592, 0.202064141617],
 [-1.26742072249, -2.07312270879],
 [7.84991264808, 6.25879620929],
 [-3.48279606102, -3.48326794753],
 [-1.05622189648, -0.869428833659],
 [-4.13415746611, -5.49763282603],
 [-1.85473684887, 3.1991161515],
 [-0.178677505826, 0.240018408011],
 [-12.0565267294, -20.1053239724],
 [-8.09646094423, -7.11413855875],
 [-0.889450573519, -1.38130569696],
 [-0.0325975687149, -1.62482192172],
 [1.63742732684, 21.5477304987],
 [0.189173060691, 0.13446613113],
 [-10.0484118164, 6.71695437484]],
 [[-1.30061474369, -0.390184423109],
 [-15.9992882248, -17.7959083249],
 [-0.0118534103506, -0.142524703539],
 [-24.0197531886, 1.53547412768],
 [-3.30117431705, -2.47893456533],
 [-8.87783875277, -2.81399391662],
 [-7.58100073349, -4.17625664766],
 [6.16717638442, 5.78960638274],
 [-0.0123568077594, -0.0902166458819],
 [6.84481390937, 1.18167800074],
 [4.80523661438, -6.99958513201],
 [-0.0422783852803, 0.218529713061],
 [8.59444601358, 18.2070962379],
 [14.1073604269, 15.0359876457],
 [2.62124486798, 4.01687174835],
 [-0.478387497687, -0.120463102762],
 [6.14461500093, -3.21127219543],
 [0.231447777064, 0.171797156529],
 [15.0305486771, -4.6917533475]],
 [[1.30061474369, 0.910430320582],
 [24.0197531886, 25.5552273163],
 [0.0118534103469, -0.130671293193],
 [15.9992882247, -1.79662010008],
 [7.58100073345, 3.40474408579],
 [8.87783875277, 6.06384483616],
 [3.30117431705, 0.822239751717],
 [-6.84481390936, -5.66313590862],
 [0.012356807764, -0.0778598381201],
 [-6.16717638444, -0.377570001691],
 [-8.59444601358, 9.61265022438],
 [0.0422783852755, 0.260808098337],
 [-4.80523661441, -11.8048217464],
 [-15.0305486771, -19.7223020246],
 [-6.14461500093, -9.35588719636],
 [-0.231447777067, -0.0596506205353],
 [-2.62124486799, 1.39562688035],
 [0.478387497689, 0.357924394927],
 [-14.1073604269, 0.928627218823]],
 [[-1.17055326932, -0.312147538485],
 [-26.7149723146, -26.4488097561],
 [0.0672534839538, -0.175109033144],
 [-7.0925977768, 1.0554801829],
 [-7.84991264803, -1.59111643874],
 [1.26742072249, -0.805701986295],
 [-0.192979794588, 0.0090843470262],
 [4.13415746611, -1.36347535991],
 [1.05622189648, 0.186793062825],
 [3.48279606101, -0.000471886522661],
 [12.0565267294, -8.04879724298],
 [0.178677505821, 0.418695913832],
 [1.85473684887, 5.0538530004],
 [10.0484118164, 16.7653661912],
 [-1.63742732684, 19.9103031719],
 [-0.189173060693, -0.0547069295635],
 [0.889450573515, -0.491855123428],
 [0.0325975687014, -1.59222435301],
 [8.0964609442, 0.982322385502]],
 [[-0.858405730834, 0.312147538485],
 [-0.266162558521, 26.4488097561],
 [-8.1480779597, -1.0554801829],
 [0.242362517098, 0.175109033144],
 [-6.25879620929, 1.59111643874],
 [-0.202064141617, -0.00908434702508],
 [2.07312270879, 0.805701986298],
 [5.49763282603, 1.36347535992],
 [3.48326794753, 0.000471886522879],
 [0.869428833657, -0.186793062825],
 [20.1053239724, 8.04879724299],
 [-3.19911615153, -5.0538530004],
 [-0.240018408011, -0.418695913832],
 [-21.5477304987, -19.9103031719],
 [-6.71695437484, -16.7653661912],
 [1.38130569694, 0.491855123428],
 [-0.13446613113, 0.0547069295637],
 [7.11413855869, -0.982322385502],
 [1.62482192171, 1.59222435301]],
 [[0.390184423107, -0.910430320581],
 [-1.53547412768, -25.5552273163],
 [17.7959083248, 1.79662010008],
 [0.142524703538, 0.130671293194],
 [4.17625664765, -3.40474408579],
 [2.47893456533, -0.82223975172],
 [2.81399391661, -6.06384483616],
 [-1.18167800074, 5.66313590863],
 [-5.78960638275, 0.377570001691],
 [0.0902166458811, 0.07785983812],
 [-18.2070962379, -9.61265022433],
 [6.99958513197, 11.8048217464],
 [-0.218529713062, -0.260808098337],
 [3.21127219542, 9.35588719636],
 [4.6917533475, 19.7223020246],
 [-4.01687174834, -1.39562688035],
 [-0.171797156529, 0.0596506205353],
 [-15.0359876457, -0.928627218823],
 [0.120463102762, -0.357924394927]],
 [[-0.910430320581, 0.390184423107],
 [1.79662010008, 17.7959083248],
 [-25.5552273163, -1.53547412768],
 [0.130671293194, 0.142524703538],
 [-0.82223975172, 2.47893456533],
 [-3.40474408579, 4.17625664765],
 [-6.06384483616, 2.81399391661],
 [0.377570001691, -5.78960638275],
 [5.66313590863, -1.18167800074],
 [0.0778598381201, 0.0902166458811],
 [11.8048217464, 6.99958513197],
 [-9.61265022433, -18.2070962379],
 [-0.260808098337, -0.218529713062],
 [-1.39562688035, -4.01687174834],
 [-0.928627218823, -15.0359876457],
 [9.35588719636, 3.21127219542],
 [-0.357924394927, 0.120463102762],
 [19.7223020246, 4.6917533475],
 [0.0596506205353, -0.171797156529]],
 [[0.312147538485, -0.858405730834],
 [-1.0554801829, -8.1480779597],
 [26.4488097561, -0.266162558521],
 [0.175109033144, 0.242362517098],
 [-0.00908434702512, -0.202064141617],
 [1.59111643874, -6.25879620929],
 [0.805701986298, 2.07312270879],
 [0.000471886522766, 3.48326794753],
 [1.36347535992, 5.49763282603],
 [-0.186793062825, 0.869428833657],
 [-5.0538530004, -3.19911615153],
 [8.04879724299, 20.1053239724],
 [-0.418695913832, -0.240018408011],
 [0.491855123428, 1.38130569694],
 [-0.982322385502, 7.11413855869],
 [-19.9103031719, -21.5477304987],
 [1.59222435301, 1.62482192171],
 [-16.7653661912, -6.71695437484],
 [0.0547069295637, -0.13446613113]],
 [[-0.312147538485, -1.17055326932],
 [-0.175109033144, 0.0672534839538],
 [-26.4488097561, -26.7149723146],
 [1.0554801829, -7.0925977768],
 [-0.805701986296, 1.26742072249],
 [-1.59111643874, -7.84991264803],
 [0.0090843470262, -0.192979794587],
 [0.186793062825, 1.05622189648],
 [-1.36347535991, 4.13415746611],
 [-0.000471886522689, 3.48279606101],
 [0.418695913832, 0.178677505821],
 [-8.04879724299, 12.0565267294],
 [5.0538530004, 1.85473684887],
 [-0.0547069295639, -0.189173060693],
 [-1.59222435301, 0.0325975687014],
 [16.7653661912, 10.0484118164],
 [0.982322385502, 8.0964609442],
 [19.9103031719, -1.63742732684],
 [-0.491855123428, 0.889450573515]],
 [[0.910430320583, 1.30061474369],
 [-0.130671293193, 0.0118534103474],
 [25.5552273163, 24.0197531886],
 [-1.79662010008, 15.9992882247],
 [6.06384483616, 8.87783875277],
 [3.40474408579, 7.58100073345],
 [0.822239751725, 3.30117431705],
 [-0.0778598381204, 0.0123568077612],
 [-5.66313590863, -6.84481390935],
 [-0.377570001691, -6.16717638444],
 [0.260808098337, 0.0422783852749],
 [9.61265022436, -8.59444601357],
 [-11.8048217464, -4.80523661441],
 [-0.0596506205353, -0.231447777063],
 [0.357924394927, 0.478387497689],
 [-19.7223020246, -15.0305486771],
 [0.928627218823, -14.1073604269],
 [-9.35588719635, -6.14461500093],
 [1.39562688035, -2.62124486799]],
 [[-0.390184423111, -1.3006147437],
 [-0.142524703539, -0.0118534103542],
 [-17.7959083248, -15.9992882248],
 [1.53547412768, -24.0197531886],
 [-2.81399391661, -8.87783875277],
 [-2.47893456533, -3.30117431705],
 [-4.17625664767, -7.5810007335],
 [-0.090216645881, -0.0123568077553],
 [5.78960638274, 6.16717638442],
 [1.18167800074, 6.84481390937],
 [0.218529713061, -0.0422783852762],
 [-6.99958513194, 4.80523661438],
 [18.2070962379, 8.59444601358],
 [-0.120463102762, -0.478387497694],
 [0.171797156529, 0.231447777065],
 [15.0359876457, 14.1073604269],
 [-4.6917533475, 15.0305486771],
 [4.01687174835, 2.62124486798],
 [-3.21127219543, 6.14461500093]],
 [[0.858405730835, 1.17055326932],
 [-0.242362517097, -0.0672534839505],
 [8.14807795972, 7.09259777681],
 [0.266162558522, 26.7149723146],
 [-2.07312270879, -1.26742072249],
 [0.202064141617, 0.192979794592],
 [6.25879620931, 7.84991264801],
 [-0.86942883366, -1.05622189647],
 [-3.48326794753, -3.48279606101],
 [-5.49763282603, -4.13415746611],
 [0.24001840801, -0.178677505835],
 [3.19911615149, -1.85473684887],
 [-20.1053239724, -12.0565267294],
 [-1.62482192173, -0.0325975686985],
 [0.134466131129, 0.18917306069],
 [-7.11413855873, -8.09646094427],
 [6.71695437484, -10.0484118164],
 [-1.38130569697, -0.889450573516],
 [21.5477304987, 1.63742732684]],
 [[-2.43865264442, -2.43865264441],
 [0.999390438298, 0.228365565639],
 [0.228365565637, 0.999390438296],
 [-4.90456431167, -4.90456431167],
 [7.00705506382, 5.65590571074],
 [5.65590571074, 7.00705506382],
 [-12.9396182681, -12.9396182681],
 [3.25402667346, 3.8221118433],
 [3.82211184328, 3.25402667346],
 [-0.407956137187, -0.407956137187],
 [-1.11364904762, 0.602383970239],
 [0.602383970231, -1.11364904762],
 [7.47178460251, 7.47178460251],
 [5.50474767933, 1.00358163395],
 [-0.739934401098, -1.02999275089],
 [1.00358163397, 5.50474767934],
 [-5.76551599688, -15.4104171709],
 [-1.02999275089, -0.739934401098],
 [-15.4104171709, -5.76551599688]],
 [[2.43865264441, -1.42108547152e-13],
 [4.90456431167, 3.41060513165e-12],
 [-0.228365565631, 0.771024872662],
 [-0.999390438292, -0.771024872663],
 [12.9396182681, -3.37507799486e-14],
 [-5.65590571074, 1.35114935309],
 [-7.00705506383, -1.35114935309],
 [0.407956137188, 1.33582034323e-12],
 [-3.82211184328, -0.568085169829],
 [-3.25402667345, 0.56808516983],
 [-7.47178460251, -5.5138116295e-12],
 [-0.602383970217, -1.71603301784],
 [1.11364904762, 1.71603301784],
 [15.4104171709, 9.64490117404],
 [5.76551599688, -9.64490117404],
 [1.02999275089, 0.290058349793],
 [0.739934401099, -0.290058349793],
 [-1.0035816339, 4.50116604542],
 [-5.50474767932, -4.50116604542]],
 [[-4.83169060317e-13, 2.43865264441],
 [0.771024872662, -0.228365565631],
 [4.77484718431e-12, 4.90456431167],
 [-0.771024872663, -0.999390438292],
 [1.35114935309, -5.65590571074],
 [-7.1054273576e-15, 12.9396182681],
 [-1.35114935308, -7.00705506383],
 [-0.56808516983, -3.82211184328],
 [2.245315045e-12, 0.407956137187],
 [0.56808516983, -3.25402667345],
 [-1.71603301784, -0.602383970217],
 [9.09494701773e-12, -7.47178460251],
 [1.71603301784, 1.11364904762],
 [0.290058349792, 1.02999275089],
 [4.50116604542, -1.0035816339],
 [9.64490117404, 15.4104171709],
 [-4.50116604542, -5.50474767932],
 [-9.64490117404, 5.76551599688],
 [-0.290058349793, 0.739934401099]],
 [[-1.25055521494e-12, -6.50307371843],
 [-2.55784776164, -0.394588027379],
 [-4.43378667114e-12, 0.66574242438],
 [2.55784776164, 2.16325973424],
 [-13.419953423, -4.55136173422],
 [-2.98427949019e-13, 9.43395719278],
 [13.419953423, 8.86859168876],
 [-8.11016658067, -9.05782248502],
 [-1.19371179608e-12, 0.472369038498],
 [8.11016658067, -0.947655904349],
 [3.28263588539, -0.980547070463],
 [-1.70530256582e-12, -1.14738304072],
 [-3.28263588539, -4.26318295584],
 [-11.0489903799, -4.19464534394],
 [3.05233625738, 4.24197257493],
 [1.78300533693, 0.464586424568],
 [-3.05233625738, 1.18963631756],
 [-1.78300533694, -1.31841891236],
 [11.0489903799, 6.85434503595]],
 [[6.50307371844, 6.50307371843],
 [-2.16325973424, 0.39458802738],
 [0.394588027384, -2.16325973425],
 [-0.665742424379, -0.665742424379],
 [-8.86859168877, 4.55136173422],
 [4.55136173422, -8.86859168877],
 [-9.43395719279, -9.43395719279],
 [0.947655904348, 9.05782248502],
 [9.05782248502, 0.947655904349],
 [-0.472369038501, -0.4723690385],
 [4.26318295584, 0.980547070447],
 [0.980547070449, 4.26318295584],
 [1.14738304072, 1.14738304072],
 [-1.18963631756, -4.24197257494],
 [-6.85434503595, 4.19464534392],
 [-4.24197257494, -1.18963631756],
 [1.31841891236, -0.464586424578],
 [4.19464534392, -6.85434503595],
 [-0.464586424578, 1.31841891236]],
 [[-6.50307371843, 3.41060513165e-12],
 [0.665742424379, -4.66116034659e-12],
 [-0.394588027381, -2.55784776163],
 [2.16325973424, 2.55784776164],
 [9.43395719278, -2.84217094304e-13],
 [-4.55136173422, -13.419953423],
 [8.86859168876, 13.419953423],
 [0.472369038496, -2.10320649785e-12],
 [-9.05782248502, -8.11016658067],
 [-0.94765590435, 8.11016658067],
 [-1.14738304072, -2.38742359215e-12],
 [-0.980547070459, 3.28263588539],
 [-4.26318295584, -3.28263588539],
 [0.464586424573, 1.78300533693],
 [-1.31841891236, -1.78300533694],
 [-4.19464534396, -11.0489903799],
 [6.85434503595, 11.0489903799],
 [4.24197257493, 3.05233625738],
 [1.18963631756, -3.05233625738]]]
