[[-0.0232437397563, -0.0232437397563, 0.0678568012895, 0.00685545404411, 0.00685545404411, 0.000143044851884, -0.0234294573316, 0.00234680434741, -0.0234294573315, 0.00476136377502, 0.0023468043474, 0.00476136377502],
 [0.0678568012895, -0.0232437397563, -0.0232437397563, 0.000143044851891, 0.00685545404412, 0.00685545404412, 0.00476136377502, 0.00476136377502, 0.00234680434741, 0.00234680434741, -0.0234294573316, -0.0234294573316],
 [-0.0232437397563, 0.0678568012895, -0.0232437397563, 0.00685545404412, 0.000143044851891, 0.00685545404412, 0.00234680434741, -0.0234294573316, 0.00476136377502, -0.0234294573316, 0.00476136377502, 0.00234680434741],
 [0.15821647748, 0.011423060957, 0.634402977944, -0.0353140293579, -0.0175565496996, -0.000644624026936, 0.114686993846, -0.0171373013733, 0.0559202669135, -0.0450447997263, -0.0014308863468, -0.00771351448565],
 [-0.463418504985, 0.00490066949264, -0.79300372243, 0.0708091016986, 0.00868826840813, 0.000805780033664, -0.219568706905, 0.0564931028815, -0.0327410933583, 0.536422675234, -0.00113970004878, -0.0725737445328],
 [0.764373658845, 0.00404164122772, 0.764373658845, -0.0632995481915, 0.00388342354025, -0.0632995481916, 0.198622130612, -0.120412607258, -0.00224508113149, -0.120412607258, -0.00224508113148, 0.198622130612],
 [-0.79300372243, 0.00490066949264, -0.463418504985, 0.000805780033655, 0.00868826840812, 0.0708091016987, -0.0725737445327, 0.536422675234, -0.00113970004877, 0.0564931028816, -0.0327410933583, -0.219568706905],
 [0.634402977944, 0.011423060957, 0.15821647748, -0.000644624026938, -0.0175565496996, -0.035314029358, -0.00771351448565, -0.0450447997263, -0.00143088634679, -0.0171373013733, 0.0559202669135, 0.114686993846],
 [0.634402977944, 0.15821647748, 0.011423060957, -0.000644624026945, -0.035314029358, -0.0175565496996, -0.0450447997263, -0.00771351448565, -0.0171373013733, -0.00143088634679, 0.114686993846, 0.0559202669135],
 [-0.79300372243, -0.463418504985, 0.00490066949264, 0.00080578003368, 0.0708091016987, 0.00868826840812, 0.536422675234, -0.0725737445328, 0.0564931028816, -0.00113970004879, -0.219568706905, -0.0327410933583],
 [0.764373658845, 0.764373658845, 0.00404164122773, -0.0632995481916, -0.0632995481916, 0.00388342354025, -0.120412607258, 0.198622130612, -0.120412607258, -0.00224508113148, 0.198622130612, -0.00224508113148],
 [-0.463418504985, -0.79300372243, 0.00490066949264, 0.0708091016987, 0.00080578003368, 0.00868826840812, 0.0564931028816, -0.219568706905, 0.536422675234, -0.0327410933583, -0.0725737445328, -0.00113970004879],
 [0.15821647748, 0.634402977944, 0.011423060957, -0.035314029358, -0.000644624026945, -0.0175565496996, -0.0171373013733, 0.114686993846, -0.0450447997263, 0.0559202669135, -0.00771351448565, -0.00143088634679],
 [0.011423060957, 0.634402977944, 0.15821647748, -0.0175565496996, -0.000644624026938, -0.035314029358, -0.00143088634679, 0.0559202669135, -0.00771351448564, 0.114686993846, -0.0450447997263, -0.0171373013733],
 [0.00490066949264, -0.79300372243, -0.463418504985, 0.00868826840812, 0.000805780033641, 0.0708091016987, -0.00113970004879, -0.0327410933583, -0.0725737445328, -0.219568706905, 0.536422675234, 0.0564931028816],
 [0.00404164122772, 0.764373658844, 0.764373658845, 0.00388342354025, -0.0632995481915, -0.0632995481916, -0.00224508113148, -0.00224508113148, 0.198622130612, 0.198622130612, -0.120412607258, -0.120412607258],
 [0.00490066949264, -0.463418504985, -0.79300372243, 0.00868826840812, 0.0708091016987, 0.000805780033669, -0.0327410933582, -0.00113970004878, -0.219568706905, -0.0725737445328, 0.0564931028816, 0.536422675234],
 [0.011423060957, 0.15821647748, 0.634402977944, -0.0175565496996, -0.035314029358, -0.000644624026936, 0.0559202669134, -0.0014308863468, 0.114686993847, -0.00771351448565, -0.0171373013733, -0.0450447997263],
 [-0.0826879657037, -0.0826879657037, 0.966035091268, 0.105459306787, 0.105459306787, 0.00486250523013, -0.290074454315, 0.0127803311759, -0.290074454314, 0.39681322601, 0.0127803311759, 0.39681322601],
 [0.966035091268, -0.0826879657037, -0.0826879657037, 0.00486250523014, 0.105459306787, 0.105459306787, 0.39681322601, 0.39681322601, 0.0127803311759, 0.0127803311759, -0.290074454315, -0.290074454315],
 [-0.0826879657037, 0.966035091268, -0.0826879657037, 0.105459306787, 0.00486250523014, 0.105459306787, 0.0127803311759, -0.290074454315, 0.39681322601, -0.290074454315, 0.39681322601, 0.0127803311759],
 [0.267666575082, -0.0392053559411, -0.535333150163, -0.281624846727, -0.069506147265, 0.563249693455, 0.609984840358, -0.063324388528, 0.186546329983, 0.835390120964, 0.0153004229848, -0.660015447085],
 [-0.535333150163, -0.0392053559411, 0.267666575082, 0.563249693455, -0.069506147265, -0.281624846727, -0.660015447085, 0.835390120964, 0.0153004229848, -0.063324388528, 0.186546329983, 0.609984840358],
 [-0.535333150163, 0.267666575082, -0.0392053559411, 0.563249693455, -0.281624846727, -0.069506147265, 0.835390120964, -0.660015447085, -0.063324388528, 0.0153004229848, 0.609984840358, 0.186546329983],
 [0.267666575082, -0.535333150163, -0.0392053559411, -0.281624846727, 0.563249693455, -0.069506147265, -0.063324388528, 0.609984840358, 0.835390120964, 0.186546329983, -0.660015447085, 0.0153004229848],
 [-0.0392053559411, -0.535333150163, 0.267666575082, -0.069506147265, 0.563249693455, -0.281624846727, 0.0153004229848, 0.186546329983, -0.660015447085, 0.609984840358, 0.835390120964, -0.063324388528],
 [-0.0392053559411, 0.267666575082, -0.535333150163, -0.069506147265, -0.281624846727, 0.563249693455, 0.186546329983, 0.0153004229848, 0.609984840358, -0.660015447085, -0.063324388528, 0.835390120964],
 [0.153884504575, 0.153884504575, 0.153884504575, 0.415267308063, 0.415267308063, 0.415267308063, -0.469217426658, -0.469217426658, -0.469217426658, -0.469217426658, -0.469217426658, -0.469217426658]]
