[[-0.041614850086, -0.041614850086, 0.104609726582, 0.0153182915923, 0.0153182915923, -0.0411601504426],
 [0.104609726582, -0.041614850086, -0.041614850086, -0.0411601504426, 0.0153182915923, 0.0153182915923],
 [-0.041614850086, 0.104609726582, -0.041614850086, 0.0153182915923, -0.0411601504426, 0.0153182915923],
 [0.206511307703, 0.0231518391337, 0.573230244841, -0.0217851713257, -0.08986857575, 0.114381637523],
 [-0.429922683631, 0.0134705744661, -0.429922683631, -0.0857862281422, 0.488689735885, -0.0857862281422],
 [0.573230244841, 0.0231518391337, 0.206511307703, 0.114381637523, -0.08986857575, -0.0217851713257],
 [0.573230244841, 0.206511307703, 0.0231518391337, 0.114381637523, -0.0217851713257, -0.08986857575],
 [-0.429922683631, -0.429922683631, 0.0134705744661, -0.0857862281422, -0.0857862281422, 0.488689735885],
 [0.206511307703, 0.573230244841, 0.0231518391337, -0.0217851713257, 0.114381637523, -0.08986857575],
 [0.0231518391337, 0.573230244841, 0.206511307703, -0.08986857575, 0.114381637523, -0.0217851713257],
 [0.0134705744661, -0.429922683631, -0.429922683631, 0.488689735885, -0.0857862281422, -0.0857862281422],
 [0.0231518391337, 0.206511307703, 0.573230244841, -0.08986857575, -0.0217851713257, 0.114381637523],
 [-0.138911034802, -0.138911034802, 0.497030052634, 0.5392114545, 0.5392114545, -0.390472402237],
 [0.497030052634, -0.138911034802, -0.138911034802, -0.390472402237, 0.5392114545, 0.5392114545],
 [-0.138911034802, 0.497030052634, -0.138911034802, 0.5392114545, -0.390472402237, 0.5392114545]]
